[
[3.2360679774997894 1.6180339887498947 -3]
[3.854101966249684 0.6180339887498949 -2.6180339887498945]
[3.6180339887498953 2.2360679774997894 -2]
[4.236067977499789 1.2360679774997898 -1.6180339887498947]
[3.2360679774997894 -1.6180339887498947 -3]
[3.854101966249684 -0.6180339887498949 -2.6180339887498945]
[3.6180339887498953 -2.2360679774997894 -2]
[4.236067977499789 -1.2360679774997898 -1.6180339887498947]
[2 3.6180339887498953 -2.2360679774997894]
[1.6180339887498947 4.236067977499789 -1.2360679774997898]
[3 3.2360679774997894 -1.6180339887498947]
[2.6180339887498945 3.854101966249684 -0.6180339887498949]
[2 -3.6180339887498953 -2.2360679774997894]
[1.6180339887498947 -4.236067977499789 -1.2360679774997898]
[3 -3.2360679774997894 -1.6180339887498947]
[2.6180339887498945 -3.854101966249684 -0.6180339887498949]
[1.6180339887498947 3 3.2360679774997894]
[0.6180339887498949 2.6180339887498945 3.854101966249684]
[2.2360679774997894 2 3.6180339887498953]
[1.2360679774997898 1.6180339887498947 4.236067977499789]
[1.6180339887498947 -3 3.2360679774997894]
[0.6180339887498949 -2.6180339887498945 3.854101966249684]
[2.2360679774997894 -2 3.6180339887498953]
[1.2360679774997898 -1.6180339887498947 4.236067977499789]
[0.6180339887498948 -0.6180339887498949 -4.618033988749895]
[0.6180339887498948 0.6180339887498949 -4.618033988749895]
[-0.6180339887498948 -0.6180339887498949 -4.618033988749895]
[-0.6180339887498948 0.6180339887498949 -4.618033988749895]
[-1.6180339887498947 3 -3.2360679774997894]
[-0.6180339887498949 2.6180339887498945 -3.854101966249684]
[-2.2360679774997894 2 -3.6180339887498953]
[-1.2360679774997898 1.6180339887498947 -4.236067977499789]
[-1.6180339887498947 -3 -3.2360679774997894]
[-0.6180339887498949 -2.6180339887498945 -3.854101966249684]
[-2.2360679774997894 -2 -3.6180339887498953]
[-1.2360679774997898 -1.6180339887498947 -4.236067977499789]
[-2 3.6180339887498953 -2.2360679774997894]
[-1.6180339887498947 4.236067977499789 -1.2360679774997898]
[-3 3.2360679774997894 -1.6180339887498947]
[-2.6180339887498945 3.854101966249684 -0.6180339887498949]
[-2 -3.6180339887498953 -2.2360679774997894]
[-1.6180339887498947 -4.236067977499789 -1.2360679774997898]
[-3 -3.2360679774997894 -1.6180339887498947]
[-2.6180339887498945 -3.854101966249684 -0.6180339887498949]
[-3.6180339887498953 2.2360679774997894 2]
[-4.236067977499789 1.2360679774997898 1.6180339887498947]
[-3.2360679774997894 1.6180339887498947 3]
[-3.854101966249684 0.6180339887498949 2.6180339887498945]
[-3.6180339887498953 -2.2360679774997894 2]
[-4.236067977499789 -1.2360679774997898 1.6180339887498947]
[-3.2360679774997894 -1.6180339887498947 3]
[-3.854101966249684 -0.6180339887498949 2.6180339887498945]
[-4.618033988749895 -0.6180339887498948 -0.6180339887498949]
[-4.618033988749895 -0.6180339887498948 0.6180339887498949]
[-4.618033988749895 0.6180339887498948 -0.6180339887498949]
[-4.618033988749895 0.6180339887498948 0.6180339887498949]
[-3.2360679774997894 -1.6180339887498947 -3]
[-3.854101966249684 -0.6180339887498949 -2.6180339887498945]
[-3.6180339887498953 -2.2360679774997894 -2]
[-4.236067977499789 -1.2360679774997898 -1.6180339887498947]
[-3.2360679774997894 1.6180339887498947 -3]
[-3.854101966249684 0.6180339887498949 -2.6180339887498945]
[-3.6180339887498953 2.2360679774997894 -2]
[-4.236067977499789 1.2360679774997898 -1.6180339887498947]
[-3 -3.2360679774997894 1.6180339887498947]
[-2.6180339887498945 -3.854101966249684 0.6180339887498949]
[-2 -3.6180339887498953 2.2360679774997894]
[-1.6180339887498947 -4.236067977499789 1.2360679774997898]
[-3 3.2360679774997894 1.6180339887498947]
[-2.6180339887498945 3.854101966249684 0.6180339887498949]
[-2 3.6180339887498953 2.2360679774997894]
[-1.6180339887498947 4.236067977499789 1.2360679774997898]
[-2.2360679774997894 -2 3.6180339887498953]
[-1.2360679774997898 -1.6180339887498947 4.236067977499789]
[-1.6180339887498947 -3 3.2360679774997894]
[-0.6180339887498949 -2.6180339887498945 3.854101966249684]
[-2.2360679774997894 2 3.6180339887498953]
[-1.2360679774997898 1.6180339887498947 4.236067977499789]
[-1.6180339887498947 3 3.2360679774997894]
[-0.6180339887498949 2.6180339887498945 3.854101966249684]
[-0.6180339887498949 -4.618033988749895 -0.6180339887498948]
[0.6180339887498949 -4.618033988749895 -0.6180339887498948]
[-0.6180339887498949 -4.618033988749895 0.6180339887498948]
[0.6180339887498949 -4.618033988749895 0.6180339887498948]
[-0.6180339887498948 -0.6180339887498949 4.618033988749895]
[-0.6180339887498948 0.6180339887498949 4.618033988749895]
[0.6180339887498948 -0.6180339887498949 4.618033988749895]
[0.6180339887498948 0.6180339887498949 4.618033988749895]
[-0.6180339887498949 4.618033988749895 -0.6180339887498948]
[0.6180339887498949 4.618033988749895 -0.6180339887498948]
[-0.6180339887498949 4.618033988749895 0.6180339887498948]
[0.6180339887498949 4.618033988749895 0.6180339887498948]
[2.2360679774997894 -2 -3.6180339887498953]
[1.2360679774997898 -1.6180339887498947 -4.236067977499789]
[1.6180339887498947 -3 -3.2360679774997894]
[0.6180339887498949 -2.6180339887498945 -3.854101966249684]
[2.2360679774997894 2 -3.6180339887498953]
[1.2360679774997898 1.6180339887498947 -4.236067977499789]
[1.6180339887498947 3 -3.2360679774997894]
[0.6180339887498949 2.6180339887498945 -3.854101966249684]
[2 -3.6180339887498953 2.2360679774997894]
[1.6180339887498947 -4.236067977499789 1.2360679774997898]
[3 -3.2360679774997894 1.6180339887498947]
[2.6180339887498945 -3.854101966249684 0.6180339887498949]
[2 3.6180339887498953 2.2360679774997894]
[1.6180339887498947 4.236067977499789 1.2360679774997898]
[3 3.2360679774997894 1.6180339887498947]
[2.6180339887498945 3.854101966249684 0.6180339887498949]
[3.2360679774997894 -1.6180339887498947 3]
[3.854101966249684 -0.6180339887498949 2.6180339887498945]
[3.6180339887498953 -2.2360679774997894 2]
[4.236067977499789 -1.2360679774997898 1.6180339887498947]
[3.2360679774997894 1.6180339887498947 3]
[3.854101966249684 0.6180339887498949 2.6180339887498945]
[3.6180339887498953 2.2360679774997894 2]
[4.236067977499789 1.2360679774997898 1.6180339887498947]
[4.618033988749895 -0.6180339887498948 -0.6180339887498949]
[4.618033988749895 -0.6180339887498948 0.6180339887498949]
[4.618033988749895 0.6180339887498948 -0.6180339887498949]
[4.618033988749895 0.6180339887498948 0.6180339887498949]
][
1 3 edge
5 7 edge
1 5 edge
7 116 edge
116 118 edge
3 118 edge
0 1 edge
0 2 edge
2 3 edge
4 5 edge
4 6 edge
6 7 edge
0 96 edge
4 92 edge
96 97 edge
92 93 edge
25 97 edge
24 93 edge
24 25 edge
8 10 edge
96 98 edge
8 98 edge
2 10 edge
12 14 edge
92 94 edge
12 94 edge
6 14 edge
8 9 edge
9 11 edge
10 11 edge
12 13 edge
13 15 edge
14 15 edge
98 99 edge
97 99 edge
94 95 edge
93 95 edge
29 99 edge
28 29 edge
36 37 edge
28 36 edge
37 88 edge
88 89 edge
9 89 edge
33 95 edge
32 33 edge
32 40 edge
40 41 edge
41 80 edge
80 81 edge
13 81 edge
25 27 edge
29 31 edge
27 31 edge
24 26 edge
26 35 edge
33 35 edge
26 27 edge
30 31 edge
28 30 edge
34 35 edge
30 60 edge
34 56 edge
60 61 edge
56 57 edge
57 61 edge
32 34 edge
36 38 edge
38 39 edge
37 39 edge
60 62 edge
38 62 edge
40 42 edge
56 58 edge
42 58 edge
42 43 edge
41 43 edge
61 63 edge
62 63 edge
57 59 edge
58 59 edge
52 54 edge
52 59 edge
54 63 edge
53 55 edge
52 53 edge
54 55 edge
49 51 edge
45 47 edge
49 53 edge
45 55 edge
47 51 edge
48 49 edge
48 50 edge
50 51 edge
44 45 edge
44 46 edge
46 47 edge
64 65 edge
48 64 edge
43 65 edge
44 68 edge
68 69 edge
39 69 edge
64 66 edge
65 67 edge
66 67 edge
72 74 edge
50 72 edge
66 74 edge
68 70 edge
46 76 edge
76 78 edge
70 78 edge
69 71 edge
70 71 edge
80 82 edge
67 82 edge
72 73 edge
73 75 edge
74 75 edge
76 77 edge
84 85 edge
73 84 edge
77 85 edge
77 79 edge
78 79 edge
88 90 edge
71 90 edge
82 83 edge
81 83 edge
84 86 edge
85 87 edge
86 87 edge
90 91 edge
89 91 edge
21 75 edge
21 23 edge
23 86 edge
17 79 edge
17 19 edge
19 87 edge
20 21 edge
83 101 edge
100 101 edge
20 100 edge
16 17 edge
91 105 edge
104 105 edge
16 104 edge
20 22 edge
22 23 edge
16 18 edge
18 19 edge
101 103 edge
15 103 edge
105 107 edge
11 107 edge
100 102 edge
102 103 edge
104 106 edge
106 107 edge
22 108 edge
108 110 edge
102 110 edge
18 112 edge
112 114 edge
106 114 edge
108 109 edge
112 113 edge
109 113 edge
110 111 edge
109 111 edge
113 115 edge
114 115 edge
111 117 edge
116 117 edge
117 119 edge
115 119 edge
118 119 edge
][
[0 2 5 1 3 4] [2.6180339887498847 0 -1] face
[6 7 0 8] [2.6180339887498794 1 -1.6180339887498865] face
[9 10 1 11] [2.618033988749886 -1 -1.6180339887498947] face
[6 12 2 9 13 18 17 16 15 14] [1 0 -1.6180339887498907] face
[7 12 22 19 21 20] [1 1 -1] face
[10 13 26 23 25 24] [1 -1 -1] face
[27 19 28 29] [1.618033988749883 2.6180339887498927 -1] face
[30 23 31 32] [1.6180339887499084 -2.6180339887499002 -1] face
[14 20 34 33] [1 1.6180339887498865 -2.618033988749877] face
[15 24 36 35] [1 -1.6180339887498907 -2.6180339887498807] face
[27 21 43 38 40 37 39 41 42 33] [0 1.6180339887499022 -1] face
[30 25 50 45 46 44 47 48 49 35] [0 -1.6180339887498927 -1] face
[51 16 53 52 37 34] [0 1 -2.618033988749905] face
[54 17 55 56 44 36] [0 -1 -2.6180339887498927] face
[18 54 51 57] [0 0 -1] face
[38 59 52 58] [-1 1.6180339887498936 -2.6180339887499025] face
[57 55 53 58 61 60 62 64 65 63] [-1 0 -1.6180339887498982] face
[45 66 56 60] [-1 -1.6180339887498933 -2.618033988749885] face
[39 67 69 68] [-1.6180339887499064 2.6180339887499 -1] face
[59 40 61 67 71 70] [-1 1 -1] face
[66 46 62 72 74 73] [-1 -1 -1] face
[47 72 76 75] [-1.6180339887498916 -2.6180339887498882 -1] face
[63 70 77 78] [-2.6180339887498985 1 -1.6180339887498916] face
[64 73 79 80] [-2.618033988749896 -1 -1.618033988749894] face
[81 82 83 79 65 77] [-2.6180339887498945 0 -1] face
[85 81 84 86] [-1 0 0] face
[88 90 91 87 89 84] [-2.6180339887498905 0 1] face
[92 93 87 94] [-2.6180339887498887 -1 1.6180339887498936] face
[95 96 88 97] [-2.618033988749894 1 1.618033988749892] face
[75 74 100 92 99 89 85 82 80 98] [-1.6180339887498956 -1 0] face
[68 71 103 95 101 90 86 83 78 102] [-1.6180339887498947 1 0] face
[98 104 105 106] [-1.6180339887498913 -2.618033988749892 1] face
[93 99 108 104 109 107] [-1 -1 1] face
[96 101 111 110 113 112] [-1 1 1] face
[102 110 114 115] [-1.6180339887499022 2.6180339887499016 1] face
[76 48 100 105 117 116] [-1 -2.6180339887499082 0] face
[118 107 119 120] [-1 -1.6180339887498947 2.6180339887498856] face
[97 111 91 94 108 118 123 121 124 122] [-1 0 1.6180339887498947] face
[121 112 125 126] [-1 1.618033988749903 2.618033988749909] face
[69 41 103 114 128 127] [-1 2.618033988749878 0] face
[49 116 130 129] [0 -1 0] face
[122 131 132 133] [0 0 1] face
[42 127 135 134] [0 1 0] face
[137 136 138 119 123 131] [0 -1 2.618033988749892] face
[140 139 141 125 124 132] [0 1 2.618033988749896] face
[142 145 136 106 109 117 120 129 143 144] [0 -1.6180339887498956 1] face
[146 149 139 115 113 128 126 134 147 148] [0 1.6180339887498982 1] face
[142 150 137 151] [1 -1.6180339887498894 2.6180339887498945] face
[146 152 140 153] [1 1.6180339887498927 2.6180339887498887] face
[31 50 155 130 143 154] [1 -2.6180339887498913 0] face
[28 43 157 135 147 156] [1 2.618033988749898 0] face
[144 158 154 159] [1.6180339887499167 -2.618033988749909 1] face
[148 160 156 161] [1.6180339887498956 2.618033988749898 1] face
[150 145 162 158 164 163] [1 -1 1] face
[152 149 165 160 167 166] [1 1 1] face
[153 165 141 151 162 138 133 168 170 169] [1 0 1.6180339887498936] face
[168 163 172 171] [2.6180339887498727 -1 1.6180339887498878] face
[169 166 173 174] [2.618033988749879 1 1.6180339887498867] face
[11 26 3 32 155 159 164 171 175 176] [1.6180339887498956 -1 0] face
[172 170 175 173 178 177] [2.618033988749892 0 1] face
[176 4 177 179] [1 0 0] face
[8 22 5 29 157 161 167 174 178 179] [1.618033988749896 1 0] face
]
shape [0.5 0.5 0.5] translate [0.5 0.5 0.5] aligncenter "great-rhombicosidodecahedron" def

