[
[1 2.414213562373095 3.8284271247461903]
[1 2.414213562373095 -3.8284271247461903]
[1 -2.414213562373095 3.8284271247461903]
[1 -2.414213562373095 -3.8284271247461903]
[-1 2.414213562373095 3.8284271247461903]
[-1 2.414213562373095 -3.8284271247461903]
[-1 -2.414213562373095 3.8284271247461903]
[-1 -2.414213562373095 -3.8284271247461903]
[1 3.8284271247461903 2.414213562373095]
[1 3.8284271247461903 -2.414213562373095]
[1 -3.8284271247461903 2.414213562373095]
[1 -3.8284271247461903 -2.414213562373095]
[-1 3.8284271247461903 2.414213562373095]
[-1 3.8284271247461903 -2.414213562373095]
[-1 -3.8284271247461903 2.414213562373095]
[-1 -3.8284271247461903 -2.414213562373095]
[2.414213562373095 1 3.8284271247461903]
[2.414213562373095 1 -3.8284271247461903]
[2.414213562373095 -1 3.8284271247461903]
[2.414213562373095 -1 -3.8284271247461903]
[-2.414213562373095 1 3.8284271247461903]
[-2.414213562373095 1 -3.8284271247461903]
[-2.414213562373095 -1 3.8284271247461903]
[-2.414213562373095 -1 -3.8284271247461903]
[2.414213562373095 3.8284271247461903 1]
[2.414213562373095 3.8284271247461903 -1]
[2.414213562373095 -3.8284271247461903 1]
[2.414213562373095 -3.8284271247461903 -1]
[-2.414213562373095 3.8284271247461903 1]
[-2.414213562373095 3.8284271247461903 -1]
[-2.414213562373095 -3.8284271247461903 1]
[-2.414213562373095 -3.8284271247461903 -1]
[3.8284271247461903 1 2.414213562373095]
[3.8284271247461903 1 -2.414213562373095]
[3.8284271247461903 -1 2.414213562373095]
[3.8284271247461903 -1 -2.414213562373095]
[-3.8284271247461903 1 2.414213562373095]
[-3.8284271247461903 1 -2.414213562373095]
[-3.8284271247461903 -1 2.414213562373095]
[-3.8284271247461903 -1 -2.414213562373095]
[3.8284271247461903 2.414213562373095 1]
[3.8284271247461903 2.414213562373095 -1]
[3.8284271247461903 -2.414213562373095 1]
[3.8284271247461903 -2.414213562373095 -1]
[-3.8284271247461903 2.414213562373095 1]
[-3.8284271247461903 2.414213562373095 -1]
[-3.8284271247461903 -2.414213562373095 1]
[-3.8284271247461903 -2.414213562373095 -1]
][
17 33 edge
1 17 edge
1 9 edge
9 25 edge
25 41 edge
33 41 edge
19 35 edge
17 19 edge
33 35 edge
3 19 edge
3 11 edge
11 27 edge
27 43 edge
35 43 edge
1 5 edge
3 7 edge
5 21 edge
7 23 edge
21 23 edge
5 13 edge
9 13 edge
7 15 edge
11 15 edge
21 37 edge
37 45 edge
29 45 edge
13 29 edge
23 39 edge
39 47 edge
31 47 edge
15 31 edge
37 39 edge
46 47 edge
36 38 edge
44 45 edge
38 46 edge
36 44 edge
30 46 edge
30 31 edge
22 38 edge
20 36 edge
20 22 edge
28 44 edge
28 29 edge
6 14 edge
14 30 edge
6 22 edge
4 12 edge
4 20 edge
12 28 edge
10 14 edge
2 6 edge
2 10 edge
0 4 edge
8 12 edge
0 8 edge
26 27 edge
10 26 edge
2 18 edge
16 18 edge
0 16 edge
8 24 edge
24 25 edge
26 42 edge
42 43 edge
18 34 edge
34 42 edge
16 32 edge
32 34 edge
24 40 edge
32 40 edge
40 41 edge
][
[2 1 3 0 4 5] [1 1 -1] face
[7 0 6 8] [1 0 -1] face
[10 9 11 6 12 13] [1 -1 -1] face
[14 1 15 9 16 17 7 18] [0 0 -1] face
[14 2 19 20] [0 1 -1] face
[15 10 21 22] [0 -1 -1] face
[19 16 26 23 25 24] [-1 1 -1] face
[21 17 30 27 29 28] [-1 -1 -1] face
[18 23 27 31] [-1 0 -1] face
[33 36 31 24 35 28 34 32] [-1 0 0] face
[38 37 29 32] [-1 -1 0] face
[41 40 39 33] [-1 0 1] face
[43 42 25 34] [-1 1 0] face
[44 46 45 39 37 35] [-1 -1 1] face
[47 48 49 40 42 36] [-1 1 1] face
[51 52 44 50] [0 -1 1] face
[53 55 47 54] [0 1 1] face
[50 57 22 11 45 30 56 38] [0 -1 0] face
[53 60 51 58 48 46 59 41] [0 0 1] face
[54 61 20 3 49 26 62 43] [0 1 0] face
[56 63 12 64] [1 -1 0] face
[52 58 57 65 63 66] [1 -1 1] face
[59 67 65 68] [1 0 1] face
[55 60 61 67 69 70] [1 1 1] face
[62 69 4 71] [1 1 0] face
[68 70 8 5 66 13 71 64] [1 0 0] face
]
shape [0.5 0.5 0.5] translate [0.5 0.5 0.5] aligncenter "great-rhombicuboctahedron" def

