[
[0.5 0.8090169943749473 -1.3090169943749472]
[0.5 -0.8090169943749473 -1.3090169943749472]
[0 0 -1.6180339887498947]
[1.3090169943749472 -0.5 -0.8090169943749473]
[1.3090169943749472 0.5 -0.8090169943749473]
[-0.5 0.8090169943749473 -1.3090169943749472]
[-0.8090169943749473 1.3090169943749472 -0.5]
[0 1.6180339887498947 0]
[0.8090169943749473 1.3090169943749472 -0.5]
[-0.5 -0.8090169943749473 -1.3090169943749472]
[-0.8090169943749473 -1.3090169943749472 -0.5]
[0 -1.6180339887498947 0]
[0.8090169943749473 -1.3090169943749472 -0.5]
[-1.3090169943749472 -0.5 -0.8090169943749473]
[-1.3090169943749472 0.5 -0.8090169943749473]
[-1.6180339887498947 0 0]
[-1.3090169943749472 -0.5 0.8090169943749473]
[-0.8090169943749473 -1.3090169943749472 0.5]
[-1.3090169943749472 0.5 0.8090169943749473]
[-0.8090169943749473 1.3090169943749472 0.5]
[-0.5 -0.8090169943749473 1.3090169943749472]
[-0.5 0.8090169943749473 1.3090169943749472]
[0 0 1.6180339887498947]
[0.5 -0.8090169943749473 1.3090169943749472]
[0.8090169943749473 -1.3090169943749472 0.5]
[0.5 0.8090169943749473 1.3090169943749472]
[0.8090169943749473 1.3090169943749472 0.5]
[1.3090169943749472 -0.5 0.8090169943749473]
[1.3090169943749472 0.5 0.8090169943749473]
[1.6180339887498947 0 0]
][
25 28 edge
23 27 edge
22 25 edge
22 23 edge
27 28 edge
25 26 edge
26 28 edge
23 24 edge
24 27 edge
7 26 edge
21 25 edge
7 19 edge
19 21 edge
7 8 edge
8 26 edge
11 24 edge
20 23 edge
17 20 edge
11 17 edge
11 12 edge
12 24 edge
21 22 edge
20 22 edge
6 19 edge
6 7 edge
13 14 edge
9 13 edge
5 14 edge
2 9 edge
2 5 edge
18 19 edge
18 21 edge
16 17 edge
16 20 edge
15 18 edge
14 15 edge
6 14 edge
15 16 edge
13 15 edge
10 13 edge
10 17 edge
16 18 edge
9 10 edge
5 6 edge
10 11 edge
1 9 edge
1 2 edge
0 5 edge
0 2 edge
1 12 edge
0 8 edge
1 3 edge
3 12 edge
0 4 edge
4 8 edge
3 4 edge
3 29 edge
4 29 edge
27 29 edge
28 29 edge
][
[3 2 1 0 4] [1 0 1.6180339887498885] face
[5 0 6] [1 1 1] face
[7 1 8] [1 -1 1] face
[11 9 12 10 5] [0 1.6180339887498947 1] face
[13 9 14] [1 2.618033988749896 0] face
[18 15 17 16 7] [0 -1.6180339887498953 1] face
[19 15 20] [1 -2.618033988749894 0] face
[21 10 2] [0 1 2.618033988749885] face
[22 16 3] [0 -1 2.6180339887498913] face
[24 23 11] [-1 2.618033988749892 0] face
[29 28 27 26 25] [-1 0 -1.6180339887498953] face
[30 31 12] [-1 1 1] face
[32 33 17] [-1 -1 1] face
[36 23 35 34 30] [-1.618033988749894 1 0] face
[39 40 38 37 32] [-1.6180339887498947 -1 0] face
[37 34 41] [-2.6180339887498913 0 1] face
[25 38 35] [-2.618033988749896 0 -1] face
[42 26 39] [-1 -1 -1] face
[43 27 36] [-1 1 -1] face
[44 40 18] [-1 -2.618033988749897 0] face
[41 33 31 22 21] [-1 0 1.6180339887498916] face
[46 45 28] [0 -1 -2.618033988749897] face
[48 47 29] [0 1 -2.6180339887498927] face
[45 49 42 44 19] [0 -1.6180339887498953 -1] face
[47 50 43 24 13] [0 1.6180339887498956 -1] face
[51 49 52] [1 -1 -1] face
[53 50 54] [1 1 -1] face
[48 53 46 51 55] [1 0 -1.6180339887498956] face
[55 56 57] [2.618033988749896 0 -1] face
[4 58 59] [2.6180339887498882 0 1] face
[52 56 20 8 58] [1.6180339887498947 -1 0] face
[54 57 14 6 59] [1.618033988749897 1 0] face
]
shape [0.5 0.5 0.5] translate [0.5 0.5 0.5] aligncenter "icosidodecahedron" def

