[
[1 1 2.414213562373095]
[1 1 -2.414213562373095]
[1 -1 2.414213562373095]
[1 -1 -2.414213562373095]
[-1 1 2.414213562373095]
[-1 1 -2.414213562373095]
[-1 -1 2.414213562373095]
[-1 -1 -2.414213562373095]
[1 2.414213562373095 1]
[1 2.414213562373095 -1]
[1 -2.414213562373095 1]
[1 -2.414213562373095 -1]
[-1 2.414213562373095 1]
[-1 2.414213562373095 -1]
[-1 -2.414213562373095 1]
[-1 -2.414213562373095 -1]
[2.414213562373095 1 1]
[2.414213562373095 1 -1]
[2.414213562373095 -1 1]
[2.414213562373095 -1 -1]
[-2.414213562373095 1 1]
[-2.414213562373095 1 -1]
[-2.414213562373095 -1 1]
[-2.414213562373095 -1 -1]
][
1 17 edge
3 19 edge
1 3 edge
17 19 edge
1 9 edge
9 17 edge
3 11 edge
11 19 edge
1 5 edge
5 13 edge
9 13 edge
3 7 edge
5 7 edge
7 15 edge
11 15 edge
5 21 edge
13 21 edge
7 23 edge
21 23 edge
15 23 edge
22 23 edge
20 22 edge
20 21 edge
14 22 edge
14 15 edge
6 22 edge
6 14 edge
4 20 edge
4 6 edge
12 20 edge
4 12 edge
12 13 edge
10 14 edge
10 11 edge
2 6 edge
2 10 edge
0 4 edge
0 2 edge
8 12 edge
0 8 edge
8 9 edge
10 18 edge
2 18 edge
18 19 edge
0 16 edge
8 16 edge
16 18 edge
16 17 edge
][
[2 0 1 3] [1 0 -1] face
[4 0 5] [1 1 -1] face
[6 1 7] [1 -1 -1] face
[8 4 9 10] [0 1 -1] face
[2 8 11 12] [0 0 -1] face
[11 6 13 14] [0 -1 -1] face
[9 15 16] [-1 1 -1] face
[12 15 17 18] [-1 0 -1] face
[13 17 19] [-1 -1 -1] face
[22 21 18 20] [-1 0 0] face
[24 23 19 20] [-1 -1 0] face
[26 25 23] [-1 -1 1] face
[28 27 25 21] [-1 0 1] face
[30 27 29] [-1 1 1] face
[31 29 16 22] [-1 1 0] face
[33 32 14 24] [0 -1 0] face
[34 35 26 32] [0 -1 1] face
[37 36 34 28] [0 0 1] face
[36 39 30 38] [0 1 1] face
[40 38 10 31] [0 1 0] face
[35 42 41] [1 -1 1] face
[33 41 7 43] [1 -1 0] face
[39 44 45] [1 1 1] face
[37 44 42 46] [1 0 1] face
[40 45 5 47] [1 1 0] face
[47 46 3 43] [1 0 0] face
]
shape [0.5 0.5 0.5] translate [0.5 0.5 0.5] aligncenter "small-rhombicuboctahedron" def

