[
[1.6180339887498947 -1 -2]
[1.6180339887498947 1 -2]
[0.6180339887498947 -0.6180339887498948 -2.618033988749896]
[0.6180339887498947 0.6180339887498952 -2.618033988749896]
[2.2360679774997894 0 -1.6180339887498953]
[-1 2 -1.6180339887498947]
[1 2 -1.6180339887498947]
[0 1.6180339887498953 -2.2360679774997894]
[-0.618033988749896 2.618033988749896 -0.6180339887498947]
[0.6180339887498939 2.618033988749896 -0.6180339887498947]
[-1 -2 -1.6180339887498953]
[1 -2 -1.6180339887498953]
[0 -1.6180339887498953 -2.2360679774997894]
[-0.6180339887498958 -2.6180339887498945 -0.6180339887498952]
[0.6180339887498941 -2.6180339887498945 -0.6180339887498952]
[-1.6180339887498947 -1 -2]
[-1.6180339887498947 1 -2]
[-0.6180339887498948 -0.6180339887498948 -2.618033988749896]
[-0.6180339887498948 0.6180339887498952 -2.618033988749896]
[-2.2360679774997894 0 -1.6180339887498953]
[-2 -1.6180339887498947 -1]
[-2 -1.6180339887498947 1]
[-1.6180339887498953 -2.2360679774997894 0]
[-2.6180339887498945 -0.6180339887498949 -0.6180339887498949]
[-2.6180339887498945 -0.6180339887498949 0.6180339887498949]
[-2 1.6180339887498953 -1]
[-2 1.6180339887498953 1]
[-1.6180339887498947 2.2360679774997907 0]
[-2.6180339887498945 0.6180339887498955 -0.6180339887498949]
[-2.6180339887498945 0.6180339887498955 0.6180339887498949]
[-1.618033988749894 -1 2]
[-1.618033988749894 1 2]
[-0.6180339887498941 -0.6180339887498949 2.618033988749896]
[-0.6180339887498941 0.6180339887498949 2.618033988749896]
[-2.236067977499789 0 1.6180339887498956]
[-1 -2 1.6180339887498947]
[1 -2 1.6180339887498947]
[0 -1.6180339887498953 2.2360679774997894]
[-0.6180339887498949 -2.6180339887498945 0.6180339887498949]
[0.6180339887498949 -2.6180339887498945 0.6180339887498949]
[-1 2 1.6180339887498947]
[1 2 1.6180339887498947]
[0 1.6180339887498953 2.236067977499789]
[-0.6180339887498952 2.618033988749896 0.6180339887498945]
[0.6180339887498945 2.618033988749896 0.6180339887498945]
[1.618033988749894 -1 2]
[1.618033988749894 1 2]
[0.6180339887498941 -0.6180339887498949 2.618033988749896]
[0.6180339887498941 0.6180339887498949 2.618033988749896]
[2.236067977499789 0 1.6180339887498956]
[2 -1.6180339887498947 -1]
[2 -1.6180339887498947 1]
[1.6180339887498953 -2.2360679774997894 0]
[2.618033988749896 -0.6180339887498948 -0.6180339887498945]
[2.618033988749896 -0.6180339887498948 0.6180339887498955]
[2 1.6180339887498953 -1]
[2 1.6180339887498953 1]
[1.6180339887498947 2.2360679774997907 0]
[2.6180339887498945 0.6180339887498955 -0.6180339887498948]
[2.6180339887498945 0.6180339887498955 0.6180339887498952]
][
4 58 edge
1 4 edge
1 55 edge
55 58 edge
4 53 edge
53 58 edge
0 4 edge
0 50 edge
50 53 edge
2 3 edge
0 2 edge
1 3 edge
6 55 edge
6 9 edge
9 57 edge
55 57 edge
1 6 edge
11 50 edge
14 52 edge
11 14 edge
50 52 edge
0 11 edge
42 48 edge
41 42 edge
41 46 edge
46 48 edge
37 47 edge
36 37 edge
36 45 edge
45 47 edge
14 39 edge
39 52 edge
5 7 edge
5 8 edge
8 9 edge
6 7 edge
10 12 edge
10 13 edge
13 14 edge
11 12 edge
3 18 edge
2 17 edge
17 18 edge
7 18 edge
3 7 edge
12 17 edge
2 12 edge
16 18 edge
5 16 edge
15 17 edge
10 15 edge
5 25 edge
25 27 edge
8 27 edge
15 19 edge
16 19 edge
10 20 edge
20 22 edge
13 22 edge
16 25 edge
15 20 edge
29 34 edge
26 29 edge
26 31 edge
31 34 edge
21 24 edge
24 34 edge
21 30 edge
30 34 edge
23 24 edge
20 23 edge
21 22 edge
23 28 edge
24 29 edge
28 29 edge
19 23 edge
19 28 edge
25 28 edge
26 27 edge
21 35 edge
30 35 edge
26 40 edge
31 40 edge
22 38 edge
13 38 edge
35 38 edge
30 32 edge
31 33 edge
32 33 edge
27 43 edge
8 43 edge
40 43 edge
32 37 edge
35 37 edge
33 42 edge
40 42 edge
38 39 edge
32 47 edge
33 48 edge
47 48 edge
43 44 edge
9 44 edge
36 39 edge
41 44 edge
44 57 edge
36 51 edge
45 51 edge
51 52 edge
41 56 edge
46 56 edge
56 57 edge
45 49 edge
46 49 edge
51 54 edge
49 54 edge
53 54 edge
49 59 edge
54 59 edge
56 59 edge
58 59 edge
][
[1 2 0 3] [2.6180339887498807 1 -1.6180339887498978] face
[4 0 5] [2.618033988749896 0 -1] face
[6 7 4 8] [2.6180339887498927 -1 -1.6180339887498947] face
[10 6 11 1 9] [1 0 -1.6180339887498956] face
[13 12 14 15] [1.6180339887498927 2.6180339887498856 -1] face
[16 2 12] [1 1 -1] face
[19 17 18 20] [1.6180339887498947 -2.6180339887498945 -1] face
[21 7 17] [1 -1 -1] face
[23 24 22 25] [1 1.6180339887498707 2.6180339887498607] face
[27 28 26 29] [1 -1.618033988749894 2.6180339887498927] face
[30 18 31] [1 -2.618033988749897 0] face
[32 33 35 13 34] [0 1.618033988749897 -1] face
[36 37 39 19 38] [0 -1.618033988749894 -1] face
[9 41 40 42] [0 0 -1] face
[44 40 43] [0 1 -2.618033988749905] face
[46 41 45] [0 -1 -2.6180339887499] face
[32 48 43 47] [-1 1.6180339887498916 -2.618033988749892] face
[36 50 45 49] [-1 -1.6180339887498907 -2.6180339887498887] face
[33 51 53 52] [-1.6180339887498953 2.618033988749898 -1] face
[49 54 47 55 42] [-1 0 -1.6180339887498956] face
[37 56 58 57] [-1.6180339887498982 -2.618033988749896 -1] face
[48 51 59] [-1 1 -1] face
[50 56 60] [-1 -1 -1] face
[62 63 61 64] [-2.6180339887498927 1 1.6180339887498973] face
[65 67 66 68] [-2.6180339887498905 -1 1.6180339887498936] face
[57 70 71 65 69] [-1.6180339887498947 -1 0] face
[69 72 73 74] [-1 0 0] face
[75 76 72] [-2.618033988749896 0 -1] face
[73 66 61] [-2.618033988749893 0 1] face
[54 60 75 70] [-2.6180339887498913 -1 -1.6180339887498927] face
[55 59 76 77] [-2.618033988749892 1 -1.6180339887498936] face
[52 77 78 62 74] [-1.6180339887498953 1 0] face
[67 79 80] [-1 -1 1] face
[63 81 82] [-1 1 1] face
[58 84 83] [-1 -2.618033988749892 0] face
[71 79 83 85] [-1.618033988749897 -2.61803398874989 1] face
[86 68 87 64 88] [-1 0 1.6180339887498913] face
[53 90 89] [-1 2.618033988749896 0] face
[78 81 89 91] [-1.6180339887498973 2.6180339887498927 1] face
[86 80 92 93] [-1 -1.618033988749894 2.6180339887498927] face
[87 82 94 95] [-1 1.6180339887498802 2.618033988749879] face
[38 84 30 96] [0 -1 0] face
[92 97 26] [0 -1 2.6180339887498887] face
[94 98 22] [0 1 2.6180339887499082] face
[88 97 98 99] [0 0 1] face
[34 90 101 100] [0 1 0] face
[93 85 27 102 96] [0 -1.6180339887498913 1] face
[95 91 23 103 100] [0 1.6180339887498953 1] face
[10 21 46 39] [1 -1.6180339887498933 -2.618033988749893] face
[11 16 44 35] [1 1.6180339887498771 -2.618033988749875] face
[101 14 104] [1 2.6180339887498882 0] face
[28 105 106] [1 -1 1] face
[102 105 31 107] [1.6180339887498953 -2.6180339887498927 1] face
[24 108 109] [1 1 1] face
[103 108 104 110] [1.618033988749894 2.618033988749886 1] face
[29 111 25 112 99] [1 0 1.6180339887498916] face
[111 106 114 113] [2.618033988749894 -1 1.6180339887498982] face
[20 8 107 113 115] [1.618033988749894 -1 0] face
[114 116 117] [2.618033988749892 0 1] face
[112 109 116 118] [2.618033988749885 1 1.6180339887499002] face
[115 5 117 119] [1 0 0] face
[15 3 110 118 119] [1.6180339887498894 1 0] face
]
shape [0.5 0.5 0.5] translate [0.5 0.5 0.5] aligncenter "small-rhombicosidodecahedron" def

