[
[2.2653239299047705 2 12.674044128589719]
[2.2653239299047705 -2 -12.674044128589719]
[-2.2653239299047705 2 -12.674044128589719]
[-2.2653239299047705 -2 12.674044128589719]
[12.674044128589719 2.2653239299047705 2]
[12.674044128589719 -2.2653239299047705 -2]
[-12.674044128589719 2.2653239299047705 -2]
[-12.674044128589719 -2.2653239299047705 2]
[2 12.674044128589719 2.2653239299047705]
[2 -12.674044128589719 -2.2653239299047705]
[-2 12.674044128589719 -2.2653239299047705]
[-2 -12.674044128589719 2.2653239299047705]
[6.667190976894526 5.1223704959875525 9.95354067959192]
[6.667190976894526 -5.1223704959875525 -9.95354067959192]
[-6.667190976894526 5.1223704959875525 -9.95354067959192]
[-6.667190976894526 -5.1223704959875525 9.95354067959192]
[9.95354067959192 6.667190976894526 5.1223704959875525]
[9.95354067959192 -6.667190976894526 -5.1223704959875525]
[-9.95354067959192 6.667190976894526 -5.1223704959875525]
[-9.95354067959192 -6.667190976894526 5.1223704959875525]
[5.1223704959875525 9.95354067959192 6.667190976894526]
[5.1223704959875525 -9.95354067959192 -6.667190976894526]
[-5.1223704959875525 9.95354067959192 -6.667190976894526]
[-5.1223704959875525 -9.95354067959192 6.667190976894526]
[10.553493495382288 1.1657990694899647 7.551673632602165]
[10.553493495382288 -1.1657990694899647 -7.551673632602165]
[-10.553493495382288 1.1657990694899647 -7.551673632602165]
[-10.553493495382288 -1.1657990694899647 7.551673632602165]
[1.1657990694899647 7.551673632602165 10.553493495382288]
[1.1657990694899647 -7.551673632602165 -10.553493495382288]
[-1.1657990694899647 7.551673632602165 -10.553493495382288]
[-1.1657990694899647 -7.551673632602165 10.553493495382288]
[7.551673632602165 10.553493495382288 1.1657990694899647]
[7.551673632602165 -10.553493495382288 -1.1657990694899647]
[-7.551673632602165 10.553493495382288 -1.1657990694899647]
[-7.551673632602165 -10.553493495382288 1.1657990694899647]
[8.553493495382291 -4.4018670469897545 8.787741610101957]
[8.553493495382291 4.4018670469897545 -8.787741610101957]
[-8.553493495382291 -4.4018670469897545 -8.787741610101957]
[-8.553493495382291 4.4018670469897545 8.787741610101957]
[8.787741610101957 8.553493495382291 -4.4018670469897545]
[8.787741610101957 -8.553493495382291 4.4018670469897545]
[-8.787741610101957 8.553493495382291 4.4018670469897545]
[-8.787741610101957 -8.553493495382291 -4.4018670469897545]
[-4.4018670469897545 8.787741610101957 8.553493495382291]
[-4.4018670469897545 -8.787741610101957 -8.553493495382291]
[4.4018670469897545 8.787741610101957 -8.553493495382291]
[4.4018670469897545 -8.787741610101957 8.553493495382291]
[3.431122999394736 -3.886302518487764 11.953540679591919]
[3.431122999394736 3.886302518487764 -11.953540679591919]
[-3.431122999394736 -3.886302518487764 -11.953540679591919]
[-3.431122999394736 3.886302518487764 11.953540679591919]
[11.953540679591919 3.431122999394736 -3.886302518487764]
[11.953540679591919 -3.431122999394736 3.886302518487764]
[-11.953540679591919 3.431122999394736 3.886302518487764]
[-11.953540679591919 -3.431122999394736 -3.886302518487764]
[-3.886302518487764 11.953540679591919 3.431122999394736]
[-3.886302518487764 -11.953540679591919 -3.431122999394736]
[3.886302518487764 11.953540679591919 -3.431122999394736]
[3.886302518487764 -11.953540679591919 3.431122999394736]
][
5 17 edge
41 53 edge
17 33 edge
33 41 edge
5 53 edge
5 25 edge
25 52 edge
5 52 edge
17 25 edge
36 53 edge
24 36 edge
24 53 edge
36 41 edge
13 25 edge
1 13 edge
1 49 edge
37 49 edge
25 37 edge
13 17 edge
17 21 edge
21 33 edge
13 21 edge
41 47 edge
36 47 edge
41 59 edge
33 59 edge
47 59 edge
47 48 edge
36 48 edge
9 33 edge
9 21 edge
9 59 edge
13 29 edge
21 29 edge
1 29 edge
9 57 edge
29 45 edge
45 57 edge
31 47 edge
11 59 edge
23 31 edge
11 23 edge
31 48 edge
9 11 edge
3 48 edge
0 3 edge
0 48 edge
3 31 edge
1 50 edge
29 50 edge
2 50 edge
1 2 edge
11 57 edge
45 50 edge
15 31 edge
3 15 edge
15 23 edge
11 35 edge
35 57 edge
23 35 edge
15 27 edge
27 39 edge
39 51 edge
3 51 edge
38 45 edge
38 50 edge
43 57 edge
43 45 edge
35 43 edge
38 43 edge
19 23 edge
15 19 edge
19 35 edge
19 27 edge
43 55 edge
7 19 edge
7 55 edge
38 55 edge
26 55 edge
26 38 edge
7 27 edge
7 54 edge
27 54 edge
6 7 edge
6 54 edge
6 55 edge
6 26 edge
6 18 edge
18 26 edge
39 54 edge
42 54 edge
39 42 edge
18 34 edge
34 42 edge
14 18 edge
14 26 edge
18 22 edge
22 34 edge
14 22 edge
42 44 edge
39 44 edge
42 56 edge
34 56 edge
44 56 edge
44 51 edge
2 14 edge
10 34 edge
10 22 edge
10 56 edge
14 30 edge
22 30 edge
2 30 edge
28 51 edge
28 44 edge
8 10 edge
8 56 edge
0 51 edge
0 28 edge
2 49 edge
30 49 edge
10 58 edge
8 58 edge
30 46 edge
46 49 edge
46 58 edge
20 28 edge
8 20 edge
12 28 edge
0 12 edge
12 20 edge
8 32 edge
32 58 edge
20 32 edge
37 46 edge
40 58 edge
40 46 edge
32 40 edge
37 40 edge
16 20 edge
12 16 edge
16 32 edge
12 24 edge
16 24 edge
37 52 edge
40 52 edge
4 24 edge
4 16 edge
4 53 edge
4 5 edge
4 52 edge
][
[0 4 2 3 1] [1.6180339887498947 -1 0] face
[5 7 6] [2.6180339887498945 0 -1] face
[0 5 8] [3.2858037867977568 -1 -1.4531182297405518] face
[10 11 9] [4.658712758941254 -1 3.0336190805520817] face
[12 9 1] [1.7877402256810013 -1 1.0420729457943454] face
[14 15 13 17 16] [1 0 -1.6180339887498947] face
[18 13 8] [2.0975275109474736 -1 -1.7465808638961038] face
[19 2 20] [1.7465808638961018 -2.0975275109474727 -1] face
[18 21 19] [1 -1 -1] face
[12 23 22] [1 -1 1] face
[3 25 24] [3.0336190805520693 -4.658712758941241 1] face
[22 24 26] [1.0420729457943427 -1.7877402256810013 1] face
[23 28 27] [1 -1.042072945794347 1.7877402256810013] face
[30 29 20] [1.4531182297405498 -3.2858037867977528 -1] face
[29 31 25] [1 -2.618033988749896 0] face
[21 32 33] [1 -1.7465808638961005 -2.0975275109474705] face
[14 34 32] [1 -1.4531182297405492 -3.285803786797748] face
[30 35 33 36 37] [0 -1.6180339887498956 -1] face
[41 39 40 38 26] [0 -1.6180339887498956 1] face
[38 42 27] [1 -3.0336190805520795 4.6587127589412445] face
[43 31 39] [1.1326619649523846 -10.871551076236994 1] face
[45 46 44] [1 -1.1326619649523146 10.87155107623641] face
[47 44 42] [0 -1 2.618033988749877] face
[34 48 49] [0 -1 -2.618033988749896] face
[51 48 50] [-1 -1.1326619649523777 -10.871551076236939] face
[43 35 52] [-1.132661964952384 -10.871551076237036 -1] face
[36 49 53] [-1 -3.033619080552075 -4.658712758941247] face
[55 47 54] [-1 -1.4531182297405554 3.285803786797738] face
[56 54 40] [-1 -1.746580863896103 2.0975275109474745] face
[57 52 58] [-1 -2.618033988749909 0] face
[41 57 59] [-1.4531182297405465 -3.2858037867977528 1] face
[55 63 60 61 62] [-1 0 1.6180339887498736] face
[64 65 53] [-1 -1.0420729457943463 -1.7877402256810033] face
[67 66 37] [-1.0420729457943452 -1.7877402256810033 -1] face
[68 58 66] [-3.0336190805520533 -4.65871275894122 -1] face
[69 64 67] [-1 -1 -1] face
[71 56 70] [-1 -1 1] face
[70 72 59] [-1.7465808638960991 -2.097527510947466 1] face
[71 60 73] [-2.097527510947488 -1 1.7465808638961122] face
[75 76 72 68 74] [-1.6180339887498996 -1 0] face
[69 77 74] [-1.7877402256810102 -1 -1.042072945794347] face
[79 78 77] [-4.658712758941233 -1 -3.0336190805520595] face
[75 80 73] [-3.285803786797768 -1 1.4531182297405532] face
[80 81 82] [-2.6180339887498985 0 1] face
[83 84 81] [-10.871551076237015 1 1.1326619649523852] face
[83 85 76] [-10.871551076237012 -1 -1.1326619649523852] face
[86 85 78] [-2.6180339887499002 0 -1] face
[87 86 88] [-3.285803786797758 1 -1.4531182297405498] face
[61 82 89] [-4.658712758941277 1 3.033619080552087] face
[91 89 90] [-1.7877402256810095 1 1.0420729457943452] face
[87 84 92 93 90] [-1.618033988749896 1 0] face
[94 95 88] [-2.097527510947472 1 -1.7465808638961011] face
[96 92 97] [-1.746580863896103 2.097527510947472 -1] face
[94 98 96] [-1 1 -1] face
[91 100 99] [-1 1 1] face
[93 102 101] [-3.0336190805520817 4.6587127589412445 1] face
[99 101 103] [-1.0420729457943472 1.7877402256810004 1] face
[100 62 104] [-1 1.0420729457943458 1.7877402256810007] face
[105 50 95 79 65] [-1 0 -1.6180339887498967] face
[107 106 97] [-1.453118229740554 3.2858037867977568 -1] face
[106 108 102] [-1 2.618033988749892 0] face
[98 109 110] [-1 1.7465808638961071 -2.097527510947477] face
[105 111 109] [-1 1.4531182297405547 -3.285803786797764] face
[113 112 104] [-1 3.033619080552075 4.658712758941241] face
[114 115 108] [-1.13266196495239 10.871551076236994 1] face
[45 116 63] [-1 1.1326619649524807 10.871551076237772] face
[117 116 112] [0 1 2.6180339887498896] face
[111 118 119] [0 1 -2.618033988749896] face
[51 15 118] [1 1.1326619649523944 -10.871551076237056] face
[114 121 120] [1.1326619649523804 10.871551076236994 -1] face
[122 119 123] [1 3.0336190805520844 -4.658712758941257] face
[107 120 110 122 124] [0 1.6180339887498956 -1] face
[126 115 125 113 103] [0 1.6180339887498936 1] face
[128 117 127] [1 1.4531182297405512 3.285803786797752] face
[129 127 125] [1 1.746580863896103 2.0975275109474736] face
[130 121 131] [1 2.6180339887498945 0] face
[126 130 132] [1.4531182297405518 3.285803786797753 1] face
[133 16 123] [1 1.0420729457943454 -1.7877402256810013] face
[135 134 124] [1.0420729457943456 1.7877402256810024 -1] face
[136 131 134] [3.033619080552075 4.658712758941242 -1] face
[137 133 135] [1 1 -1] face
[139 129 138] [1 1 1] face
[138 140 132] [1.7465808638961022 2.097527510947473 1] face
[139 141 142] [2.097527510947472 1 1.7465808638961022] face
[128 46 141 10 28] [1 0 1.6180339887498916] face
[137 143 144] [1.7877402256810013 1 -1.042072945794346] face
[17 6 143] [4.65871275894125 1 -3.0336190805520795] face
[146 145 142] [3.285803786797752 1 1.4531182297405518] face
[145 147 11] [2.618033988749894 0 1] face
[148 149 7] [10.871551076236994 1 -1.132661964952382] face
[148 147 4] [10.871551076237012 -1 1.1326619649523895] face
[146 149 140 136 144] [1.6180339887498956 1 0] face
]
shape [0.5 0.5 0.5] translate [0.5 0.5 0.5] aligncenter "snub-dodecahedron" def

