[
[1.6180339887498947 2 -4.236067977499789]
[3.2360679774997894 1 -3.6180339887498953]
[1 3.6180339887498953 -3.2360679774997894]
[2 4.236067977499789 -1.6180339887498947]
[3.6180339887498953 3.2360679774997894 -1]
[4.236067977499789 1.6180339887498947 -2]
[1.6180339887498947 -2 -4.236067977499789]
[3.2360679774997894 -1 -3.6180339887498953]
[1 -3.6180339887498953 -3.2360679774997894]
[2 -4.236067977499789 -1.6180339887498947]
[3.6180339887498953 -3.2360679774997894 -1]
[4.236067977499789 -1.6180339887498947 -2]
[0 -1 -4.854101966249686]
[0 1 -4.854101966249686]
[-1 -4.854101966249686 0]
[1 -4.854101966249686 0]
[-1 -3.6180339887498953 3.2360679774997894]
[-2 -4.236067977499789 1.6180339887498947]
[1 -3.6180339887498953 3.2360679774997894]
[2 -4.236067977499789 1.6180339887498947]
[-1 -3.6180339887498953 -3.2360679774997894]
[-2 -4.236067977499789 -1.6180339887498947]
[-1.6180339887498947 2 -4.236067977499789]
[-3.2360679774997894 1 -3.6180339887498953]
[-1.6180339887498947 -2 -4.236067977499789]
[-3.2360679774997894 -1 -3.6180339887498953]
[-3.6180339887498953 3.2360679774997894 -1]
[-4.236067977499789 1.6180339887498947 -2]
[-1 3.6180339887498953 -3.2360679774997894]
[-2 4.236067977499789 -1.6180339887498947]
[-3.6180339887498953 -3.2360679774997894 -1]
[-4.236067977499789 -1.6180339887498947 -2]
[-4.854101966249686 0 -1]
[-4.854101966249686 0 1]
[-3.6180339887498953 3.2360679774997894 1]
[-4.236067977499789 1.6180339887498947 2]
[-3.6180339887498953 -3.2360679774997894 1]
[-4.236067977499789 -1.6180339887498947 2]
[-1.6180339887498947 -2 4.236067977499789]
[-3.2360679774997894 -1 3.6180339887498953]
[-1.6180339887498947 2 4.236067977499789]
[-3.2360679774997894 1 3.6180339887498953]
[-1 3.6180339887498953 3.2360679774997894]
[-2 4.236067977499789 1.6180339887498947]
[0 -1 4.854101966249686]
[0 1 4.854101966249686]
[-1 4.854101966249686 0]
[1 4.854101966249686 0]
[1 3.6180339887498953 3.2360679774997894]
[2 4.236067977499789 1.6180339887498947]
[1.6180339887498947 -2 4.236067977499789]
[3.2360679774997894 -1 3.6180339887498953]
[1.6180339887498947 2 4.236067977499789]
[3.2360679774997894 1 3.6180339887498953]
[3.6180339887498953 -3.2360679774997894 1]
[4.236067977499789 -1.6180339887498947 2]
[3.6180339887498953 3.2360679774997894 1]
[4.236067977499789 1.6180339887498947 2]
[4.854101966249686 0 -1]
[4.854101966249686 0 1]
][
1 5 edge
7 11 edge
1 7 edge
11 58 edge
5 58 edge
0 1 edge
2 3 edge
0 2 edge
3 4 edge
4 5 edge
6 7 edge
8 9 edge
6 8 edge
9 10 edge
10 11 edge
0 13 edge
6 12 edge
12 13 edge
2 28 edge
28 29 edge
29 46 edge
46 47 edge
3 47 edge
8 20 edge
14 21 edge
20 21 edge
14 15 edge
9 15 edge
13 22 edge
22 28 edge
12 24 edge
20 24 edge
23 25 edge
24 25 edge
22 23 edge
34 35 edge
35 41 edge
34 43 edge
40 41 edge
40 42 edge
42 43 edge
17 36 edge
36 37 edge
37 39 edge
38 39 edge
16 38 edge
16 17 edge
30 36 edge
21 30 edge
14 17 edge
31 32 edge
27 32 edge
25 31 edge
23 27 edge
32 33 edge
33 37 edge
30 31 edge
33 35 edge
26 27 edge
26 34 edge
39 41 edge
26 29 edge
43 46 edge
38 44 edge
40 45 edge
44 45 edge
16 18 edge
44 50 edge
18 50 edge
42 48 edge
45 52 edge
48 52 edge
15 19 edge
18 19 edge
47 49 edge
48 49 edge
50 51 edge
52 53 edge
51 53 edge
19 54 edge
10 54 edge
49 56 edge
4 56 edge
51 55 edge
54 55 edge
53 57 edge
56 57 edge
55 59 edge
57 59 edge
58 59 edge
][
[0 2 4 1 3] [1.6180339887498936 0 -1] face
[5 7 0 6 8 9] [1 1 -1] face
[10 12 1 11 13 14] [1 -1 -1] face
[5 15 2 10 16 17] [1 0 -2.618033988749896] face
[6 18 22 19 20 21] [0 2.618033988749907 -1] face
[11 23 27 26 24 25] [0 -2.6180339887498927 -1] face
[7 15 18 28 29] [0 1 -1.6180339887499036] face
[12 16 23 30 31] [0 -1 -1.6180339887499016] face
[17 30 28 34 32 33] [-1 0 -2.618033988749897] face
[35 37 36 38 39 40] [-1 1 1] face
[46 45 41 42 43 44] [-1 -1 1] face
[49 24 41 48 47] [-1 -1.6180339887498973 0] face
[32 53 52 51 50] [-1.6180339887498953 0 -1] face
[56 47 50 54 55 42] [-2.618033988749896 -1 0] face
[58 59 51 54 57 35] [-2.6180339887498945 1 0] face
[57 55 36 43 60] [-1.6180339887498978 0 1] face
[25 31 48 33 52 56] [-1 -1 -1] face
[34 29 53 58 61 19] [-1 1 -1] face
[61 59 20 37 62] [-1 1.618033988749896 0] face
[44 63 60 38 64 65] [-1 0 2.6180339887498985] face
[66 45 68 63 67] [0 -1 1.6180339887499016] face
[39 64 69 70 71] [0 1 1.6180339887499058] face
[26 49 72 46 66 73] [0 -2.618033988749893 1] face
[40 69 62 21 74 75] [0 2.618033988749913 1] face
[65 67 70 76 78 77] [1 0 2.618033988749896] face
[13 27 80 72 79] [1 -1.6180339887499133 0] face
[8 22 82 74 81] [1 1.6180339887499002 0] face
[73 68 79 76 83 84] [1 -1 1] face
[75 71 81 77 85 86] [1 1 1] face
[78 83 85 87 88] [1.618033988749897 0 1] face
[14 80 3 84 87 89] [2.618033988749904 -1 0] face
[9 82 4 86 88 89] [2.6180339887499002 1 0] face
]
shape [0.5 0.5 0.5] translate [0.5 0.5 0.5] aligncenter "truncated-icosahedron" def

