[
[0 1.4142135623730954 2.8284271247461907]
[0 1.4142135623730954 -2.8284271247461907]
[0 -1.4142135623730954 2.8284271247461907]
[0 -1.4142135623730954 -2.8284271247461907]
[0 2.8284271247461907 1.4142135623730954]
[0 2.8284271247461907 -1.4142135623730954]
[0 -2.8284271247461907 1.4142135623730954]
[0 -2.8284271247461907 -1.4142135623730954]
[1.4142135623730954 0 2.8284271247461907]
[1.4142135623730954 0 -2.8284271247461907]
[-1.4142135623730954 0 2.8284271247461907]
[-1.4142135623730954 0 -2.8284271247461907]
[1.4142135623730954 2.8284271247461907 0]
[1.4142135623730954 -2.8284271247461907 0]
[-1.4142135623730954 2.8284271247461907 0]
[-1.4142135623730954 -2.8284271247461907 0]
[2.8284271247461907 0 1.4142135623730954]
[2.8284271247461907 0 -1.4142135623730954]
[-2.8284271247461907 0 1.4142135623730954]
[-2.8284271247461907 0 -1.4142135623730954]
[2.8284271247461907 1.4142135623730954 0]
[2.8284271247461907 -1.4142135623730954 0]
[-2.8284271247461907 1.4142135623730954 0]
[-2.8284271247461907 -1.4142135623730954 0]
][
2 8 edge
6 13 edge
2 6 edge
13 21 edge
16 21 edge
8 16 edge
2 10 edge
0 10 edge
0 8 edge
7 15 edge
6 15 edge
7 13 edge
11 19 edge
19 22 edge
14 22 edge
1 11 edge
5 14 edge
1 5 edge
19 23 edge
15 23 edge
3 11 edge
3 7 edge
18 23 edge
18 22 edge
10 18 edge
4 14 edge
0 4 edge
3 9 edge
1 9 edge
5 12 edge
4 12 edge
9 17 edge
17 21 edge
17 20 edge
12 20 edge
16 20 edge
][
[2 0 1 5 3 4] [1 -1 1] face
[8 7 0 6] [0 0 1] face
[1 10 11 9] [0 -1 0] face
[17 15 16 12 14 13] [-1 1 -1] face
[21 20 9 12 19 18] [-1 -1 -1] face
[23 22 13 18] [-1 0 0] face
[2 6 10 24 19 22] [-1 -1 1] face
[26 7 25 24 14 23] [-1 1 1] face
[28 15 27 20] [0 0 -1] face
[30 25 29 16] [0 1 0] face
[21 27 11 31 3 32] [1 -1 -1] face
[17 28 29 31 34 33] [1 1 -1] face
[35 4 33 32] [1 0 0] face
[26 8 30 5 34 35] [1 1 1] face
]
shape [0.5 0.5 0.5] translate [0.5 0.5 0.5] aligncenter "truncated-octahedron" def

