[
[1.6180339887498947 2 -2.6180339887498945]
[0.6180339887498948 1.6180339887498947 -3.2360679774997894]
[1.6180339887498947 -2 -2.6180339887498945]
[0.6180339887498948 -1.6180339887498947 -3.2360679774997894]
[0 -0.6180339887498949 -3.6180339887498953]
[0 0.6180339887498949 -3.6180339887498953]
[2.6180339887498945 -1.6180339887498947 -2]
[3.2360679774997894 -0.6180339887498948 -1.6180339887498947]
[2.6180339887498945 1.6180339887498947 -2]
[3.2360679774997894 0.6180339887498948 -1.6180339887498947]
[-1.6180339887498947 2 -2.6180339887498945]
[-0.6180339887498948 1.6180339887498947 -3.2360679774997894]
[-2 2.6180339887498945 -1.6180339887498947]
[-1.6180339887498947 3.2360679774997894 -0.6180339887498948]
[-0.6180339887498949 3.6180339887498953 0]
[0.6180339887498949 3.6180339887498953 0]
[2 2.6180339887498945 -1.6180339887498947]
[1.6180339887498947 3.2360679774997894 -0.6180339887498948]
[-1.6180339887498947 -2 -2.6180339887498945]
[-0.6180339887498948 -1.6180339887498947 -3.2360679774997894]
[-2 -2.6180339887498945 -1.6180339887498947]
[-1.6180339887498947 -3.2360679774997894 -0.6180339887498948]
[-0.6180339887498949 -3.6180339887498953 0]
[0.6180339887498949 -3.6180339887498953 0]
[2 -2.6180339887498945 -1.6180339887498947]
[1.6180339887498947 -3.2360679774997894 -0.6180339887498948]
[-2.6180339887498945 -1.6180339887498947 -2]
[-3.2360679774997894 -0.6180339887498948 -1.6180339887498947]
[-2.6180339887498945 1.6180339887498947 -2]
[-3.2360679774997894 0.6180339887498948 -1.6180339887498947]
[-3.6180339887498953 0 -0.6180339887498949]
[-3.6180339887498953 0 0.6180339887498949]
[-2.6180339887498945 -1.6180339887498947 2]
[-3.2360679774997894 -0.6180339887498948 1.6180339887498947]
[-2 -2.6180339887498945 1.6180339887498947]
[-1.6180339887498947 -3.2360679774997894 0.6180339887498948]
[-2.6180339887498945 1.6180339887498947 2]
[-3.2360679774997894 0.6180339887498948 1.6180339887498947]
[-2 2.6180339887498945 1.6180339887498947]
[-1.6180339887498947 3.2360679774997894 0.6180339887498948]
[-1.6180339887498947 -2 2.6180339887498945]
[-0.6180339887498948 -1.6180339887498947 3.2360679774997894]
[-1.6180339887498947 2 2.6180339887498945]
[-0.6180339887498948 1.6180339887498947 3.2360679774997894]
[0 -0.6180339887498949 3.6180339887498953]
[0 0.6180339887498949 3.6180339887498953]
[1.6180339887498947 -2 2.6180339887498945]
[0.6180339887498948 -1.6180339887498947 3.2360679774997894]
[2 -2.6180339887498945 1.6180339887498947]
[1.6180339887498947 -3.2360679774997894 0.6180339887498948]
[1.6180339887498947 2 2.6180339887498945]
[0.6180339887498948 1.6180339887498947 3.2360679774997894]
[2 2.6180339887498945 1.6180339887498947]
[1.6180339887498947 3.2360679774997894 0.6180339887498948]
[2.6180339887498945 -1.6180339887498947 2]
[3.2360679774997894 -0.6180339887498948 1.6180339887498947]
[2.6180339887498945 1.6180339887498947 2]
[3.2360679774997894 0.6180339887498948 1.6180339887498947]
[3.6180339887498953 0 -0.6180339887498949]
[3.6180339887498953 0 0.6180339887498949]
][
7 9 edge
7 58 edge
9 58 edge
0 8 edge
2 6 edge
0 1 edge
2 3 edge
4 5 edge
3 4 edge
1 5 edge
6 7 edge
8 9 edge
0 16 edge
8 16 edge
2 24 edge
6 24 edge
10 11 edge
10 12 edge
12 13 edge
13 14 edge
1 11 edge
15 17 edge
14 15 edge
16 17 edge
18 19 edge
21 22 edge
18 20 edge
20 21 edge
3 19 edge
23 25 edge
22 23 edge
24 25 edge
43 45 edge
43 51 edge
45 51 edge
41 44 edge
41 47 edge
44 47 edge
10 28 edge
18 26 edge
27 29 edge
26 27 edge
28 29 edge
4 19 edge
5 11 edge
21 35 edge
22 35 edge
12 28 edge
20 26 edge
27 30 edge
29 30 edge
31 33 edge
31 37 edge
33 37 edge
32 34 edge
30 31 edge
32 33 edge
34 35 edge
32 40 edge
34 40 edge
36 38 edge
36 42 edge
38 42 edge
13 39 edge
36 37 edge
38 39 edge
14 39 edge
40 41 edge
42 43 edge
44 45 edge
23 49 edge
25 49 edge
15 53 edge
17 53 edge
46 48 edge
46 47 edge
48 49 edge
50 52 edge
50 51 edge
52 53 edge
46 54 edge
48 54 edge
50 56 edge
52 56 edge
55 57 edge
54 55 edge
56 57 edge
55 59 edge
57 59 edge
58 59 edge
][
[0 1 2] [2.6180339887493935 0 -1] face
[5 3 9 6 4 8 7 10 0 11] [1 0 -1.6180339887496948] face
[3 12 13] [1 1 -1] face
[4 14 15] [1 -1 -1] face
[5 12 20 16 17 18 19 22 21 23] [0 1.6180339887498947 -1] face
[6 14 28 24 26 27 25 30 29 31] [0 -1.618033988749894 -1] face
[32 33 34] [0 1 2.6180339887498496] face
[35 36 37] [0 -1 2.6180339887498194] face
[7 43 44 16 38 24 39 41 40 42] [-1 0 -1.6180339887498467] face
[25 45 46] [-1 -2.618033988749913 0] face
[17 38 47] [-1 1 -1] face
[26 39 48] [-1 -1 -1] face
[40 49 50] [-2.618033988749897 0 -1] face
[51 52 53] [-2.618033988749904 0 1] face
[27 48 45 41 49 55 51 56 54 57] [-1.6180339887498953 -1 0] face
[54 58 59] [-1 -1 1] face
[60 61 62] [-1 1 1] face
[18 47 63 42 50 55 52 64 60 65] [-1.6180339887498956 1 0] face
[19 63 66] [-1 2.6180339887501614 0] face
[56 58 53 64 61 67 35 68 32 69] [-1 0 1.6180339887498825] face
[8 28 43] [0 -1 -2.618033988749718] face
[9 20 44] [0 1 -2.618033988749684] face
[29 70 71] [1 -2.618033988750064 0] face
[21 72 73] [1 2.6180339887501307 0] face
[30 46 70 57 59 67 36 75 74 76] [0 -1.6180339887498947 1] face
[22 66 72 65 62 68 33 78 77 79] [0 1.6180339887499122 1] face
[74 80 81] [1 -1 1] face
[77 82 83] [1 1 1] face
[69 37 34 75 80 78 82 85 84 86] [1 0 1.6180339887498403] face
[84 87 88] [2.6180339887499064 0 1] face
[10 15 1 31 71 76 81 85 87 89] [1.6180339887498858 -1 0] face
[11 13 2 23 73 79 83 86 88 89] [1.6180339887497328 1 0] face
]
shape [0.5 0.5 0.5] translate [0.5 0.5 0.5] aligncenter "truncated-dodecahedron" def

