[
[2.0412414523193148 1.1547005383792515 0]
[2.0412414523193148 -0.577350269189626 1]
[2.041241452319315 -0.5773502691896257 -1]
[0.4082482904638629 2.3094010767585034 0]
[0.4082482904638629 -1.1547005383792515 2]
[0.4082482904638629 -1.1547005383792515 -2]
[-1.2247448713915892 1.7320508075688774 1]
[-1.2247448713915892 1.7320508075688774 -1]
[-1.2247448713915892 0 2]
[-1.2247448713915892 0 -2]
[-1.2247448713915892 -1.7320508075688774 1]
[-1.2247448713915892 -1.7320508075688774 -1]
][
10 11 edge
5 11 edge
4 10 edge
1 2 edge
2 5 edge
1 4 edge
6 7 edge
3 7 edge
3 6 edge
9 11 edge
8 10 edge
7 9 edge
6 8 edge
5 9 edge
4 8 edge
0 2 edge
0 1 edge
0 3 edge
][
[3 5 4 2 1 0] [1 -2.8284271247461894 0] face
[8 7 6] [-1 2.828427124746184 0] face
[6 12 11 10 9 0] [-1 0 0] face
[13 1 9] [-1 -1.4142135623730954 -2.4494897427831788] face
[14 2 10] [-1 -1.4142135623730978 2.449489742783184] face
[16 15 3] [1 0 0] face
[15 17 4 7 13 11] [1 1.4142135623730938 -2.4494897427831726] face
[16 17 5 8 14 12] [1 1.414213562373093 2.449489742783168] face
]
shape [0.5 0.5 0.5] translate [0.5 0.5 0.5] aligncenter "truncated-tetrahedron" def

