[
[1 1 1 1]
[1 1 1 -1]
[1 1 -1 1]
[1 1 -1 -1]
[1 -1 1 1]
[1 -1 1 -1]
[1 -1 -1 1]
[1 -1 -1 -1]
[-1 1 1 1]
[-1 1 1 -1]
[-1 1 -1 1]
[-1 1 -1 -1]
[-1 -1 1 1]
[-1 -1 1 -1]
[-1 -1 -1 1]
[-1 -1 -1 -1]
[2 0 0 0]
[-2 0 0 0]
[0 2 0 0]
[0 -2 0 0]
[0 0 2 0]
[0 0 -2 0]
[0 0 0 2]
[0 0 0 -2]
][
0 1 edge
0 2 edge
0 4 edge
0 8 edge
1 3 edge
1 5 edge
1 9 edge
2 3 edge
2 6 edge
2 10 edge
3 7 edge
3 11 edge
4 5 edge
4 6 edge
4 12 edge
5 7 edge
5 13 edge
6 7 edge
6 14 edge
7 15 edge
8 9 edge
8 10 edge
8 12 edge
9 11 edge
9 13 edge
10 11 edge
10 14 edge
11 15 edge
12 13 edge
12 14 edge
13 15 edge
14 15 edge
16 0 edge
16 1 edge
16 2 edge
16 3 edge
16 4 edge
16 5 edge
16 6 edge
16 7 edge
17 8 edge
17 9 edge
17 10 edge
17 11 edge
17 12 edge
17 13 edge
17 14 edge
17 15 edge
18 0 edge
18 1 edge
18 2 edge
18 3 edge
19 4 edge
19 5 edge
19 6 edge
19 7 edge
18 8 edge
18 9 edge
18 10 edge
18 11 edge
19 12 edge
19 13 edge
19 14 edge
19 15 edge
20 0 edge
20 1 edge
21 2 edge
21 3 edge
20 4 edge
20 5 edge
21 6 edge
21 7 edge
20 8 edge
20 9 edge
21 10 edge
21 11 edge
20 12 edge
20 13 edge
21 14 edge
21 15 edge
22 0 edge
23 1 edge
22 2 edge
23 3 edge
22 4 edge
23 5 edge
22 6 edge
23 7 edge
22 8 edge
23 9 edge
22 10 edge
23 11 edge
22 12 edge
23 13 edge
22 14 edge
23 15 edge
][
[0 1 32 48 4 33 49 7 34 50 35 51] [1 1 0 0] face
[20 21 40 56 23 41 57 25 42 58 43 59] [-1 1 0 0] face
[28 29 44 60 30 45 61 31 46 62 47 63] [-1 -1 0 0] face
[12 13 36 52 15 37 53 17 38 54 39 55] [1 -1 0 0] face
[0 2 32 64 5 33 65 12 36 68 37 69] [1 0 1 0] face
[20 22 40 72 24 41 73 28 44 76 45 77] [-1 0 1 0] face
[25 26 42 74 27 43 75 31 46 78 47 79] [-1 0 -1 0] face
[7 8 34 66 10 35 67 17 38 70 39 71] [1 0 -1 0] face
[1 2 32 80 8 34 82 13 36 84 38 86] [1 0 0 1] face
[21 22 40 88 26 42 90 29 44 92 46 94] [-1 0 0 1] face
[23 24 41 89 27 43 91 30 45 93 47 95] [-1 0 0 -1] face
[4 5 33 81 10 35 83 15 37 85 39 87] [1 0 0 -1] face
[0 3 48 64 6 49 65 20 56 72 57 73] [0 1 1 0] face
[12 14 52 68 16 53 69 28 60 76 61 77] [0 -1 1 0] face
[17 18 54 70 19 55 71 31 62 78 63 79] [0 -1 -1 0] face
[7 9 50 66 11 51 67 25 58 74 59 75] [0 1 -1 0] face
[1 3 48 80 9 50 82 21 56 88 58 90] [0 1 0 1] face
[13 14 52 84 18 54 86 29 60 92 62 94] [0 -1 0 1] face
[15 16 53 85 19 55 87 30 61 93 63 95] [0 -1 0 -1] face
[4 6 49 81 11 51 83 23 57 89 59 91] [0 1 0 -1] face
[2 3 64 80 14 68 84 22 72 88 76 92] [0 0 1 1] face
[8 9 66 82 18 70 86 26 74 90 78 94] [0 0 -1 1] face
[10 11 67 83 19 71 87 27 75 91 79 95] [0 0 -1 -1] face
[5 6 65 81 16 69 85 24 73 89 77 93] [0 0 1 -1] face
]
shape [0.5 0.5 0.5 0.5] translate [0.5 0.5 0.5 0.5] aligncenter "the24cell" def

