[
[-1 -0.577350269189626 -0.408248290463863 -0.316227766016838]
[1 -0.577350269189626 -0.408248290463863 -0.316227766016838]
[0 1.15470053837925 -0.408248290463863 -0.316227766016838]
[0 0 1.22474487139159 -0.316227766016838]
[0 0 0 1.26491106406735]
][
0 1 edge
0 2 edge
1 2 edge
0 3 edge
1 3 edge
2 3 edge
0 4 edge
1 4 edge
2 4 edge
3 4 edge
][
[0 1 3 2 4 5] [0 0 0 -1.26491106406735] face
[0 1 6 2 7 8] [0 0 -1.22474487139159 0.316227766016838] face
[0 3 6 4 7 9] [0 -1.15470053837925 0.408248290463863 0.316227766016838] face
[1 3 6 5 8 9] [-1 0.577350269189626 0.408248290463863 0.316227766016838] face
[2 4 7 5 8 9] [1 0.577350269189626 0.408248290463863 0.316227766016838] face
]
shape [0.5 0.5 0.5 0.5] translate [0.5 0.5 0.5 0.5] aligncenter "the5cell" def

