[
[1 1 1 1]
[1 1 1 -1]
[1 1 -1 1]
[1 1 -1 -1]
[1 -1 1 1]
[1 -1 1 -1]
[1 -1 -1 1]
[1 -1 -1 -1]
[-1 1 1 1]
[-1 1 1 -1]
[-1 1 -1 1]
[-1 1 -1 -1]
[-1 -1 1 1]
[-1 -1 1 -1]
[-1 -1 -1 1]
[-1 -1 -1 -1]
[2 0 0 0]
[-2 0 0 0]
[0 0 0 2]
[0 0 0 -2]
[0 0 2 0]
[0 0 -2 0]
[0 2 0 0]
[0 -2 0 0]
[1.6180339887498947 1 0.6180339887498949 0]
[1.6180339887498947 1 -0.6180339887498949 0]
[1.6180339887498947 -1 0.6180339887498949 0]
[1.6180339887498947 -1 -0.6180339887498949 0]
[-1.6180339887498947 1 0.6180339887498949 0]
[-1.6180339887498947 1 -0.6180339887498949 0]
[-1.6180339887498947 -1 0.6180339887498949 0]
[-1.6180339887498947 -1 -0.6180339887498949 0]
[0 0.6180339887498949 1 1.6180339887498947]
[0 0.6180339887498949 1 -1.6180339887498947]
[0 0.6180339887498949 -1 1.6180339887498947]
[0 0.6180339887498949 -1 -1.6180339887498947]
[0 -0.6180339887498949 1 1.6180339887498947]
[0 -0.6180339887498949 1 -1.6180339887498947]
[0 -0.6180339887498949 -1 1.6180339887498947]
[0 -0.6180339887498949 -1 -1.6180339887498947]
[0 1 1.6180339887498947 0.6180339887498949]
[0 1 1.6180339887498947 -0.6180339887498949]
[0 1 -1.6180339887498947 0.6180339887498949]
[0 1 -1.6180339887498947 -0.6180339887498949]
[0 -1 1.6180339887498947 0.6180339887498949]
[0 -1 1.6180339887498947 -0.6180339887498949]
[0 -1 -1.6180339887498947 0.6180339887498949]
[0 -1 -1.6180339887498947 -0.6180339887498949]
[0 1.6180339887498947 0.6180339887498949 1]
[0 1.6180339887498947 0.6180339887498949 -1]
[0 1.6180339887498947 -0.6180339887498949 1]
[0 1.6180339887498947 -0.6180339887498949 -1]
[0 -1.6180339887498947 0.6180339887498949 1]
[0 -1.6180339887498947 0.6180339887498949 -1]
[0 -1.6180339887498947 -0.6180339887498949 1]
[0 -1.6180339887498947 -0.6180339887498949 -1]
[0.6180339887498949 0 1.6180339887498947 1]
[0.6180339887498949 0 1.6180339887498947 -1]
[0.6180339887498949 0 -1.6180339887498947 1]
[0.6180339887498949 0 -1.6180339887498947 -1]
[-0.6180339887498949 0 1.6180339887498947 1]
[-0.6180339887498949 0 1.6180339887498947 -1]
[-0.6180339887498949 0 -1.6180339887498947 1]
[-0.6180339887498949 0 -1.6180339887498947 -1]
[0.6180339887498949 1 0 1.6180339887498947]
[0.6180339887498949 1 0 -1.6180339887498947]
[0.6180339887498949 -1 0 1.6180339887498947]
[0.6180339887498949 -1 0 -1.6180339887498947]
[-0.6180339887498949 1 0 1.6180339887498947]
[-0.6180339887498949 1 0 -1.6180339887498947]
[-0.6180339887498949 -1 0 1.6180339887498947]
[-0.6180339887498949 -1 0 -1.6180339887498947]
[0.6180339887498949 1.6180339887498947 1 0]
[0.6180339887498949 1.6180339887498947 -1 0]
[0.6180339887498949 -1.6180339887498947 1 0]
[0.6180339887498949 -1.6180339887498947 -1 0]
[-0.6180339887498949 1.6180339887498947 1 0]
[-0.6180339887498949 1.6180339887498947 -1 0]
[-0.6180339887498949 -1.6180339887498947 1 0]
[-0.6180339887498949 -1.6180339887498947 -1 0]
[1 0 0.6180339887498949 1.6180339887498947]
[1 0 0.6180339887498949 -1.6180339887498947]
[1 0 -0.6180339887498949 1.6180339887498947]
[1 0 -0.6180339887498949 -1.6180339887498947]
[-1 0 0.6180339887498949 1.6180339887498947]
[-1 0 0.6180339887498949 -1.6180339887498947]
[-1 0 -0.6180339887498949 1.6180339887498947]
[-1 0 -0.6180339887498949 -1.6180339887498947]
[1 0.6180339887498949 1.6180339887498947 0]
[1 0.6180339887498949 -1.6180339887498947 0]
[1 -0.6180339887498949 1.6180339887498947 0]
[1 -0.6180339887498949 -1.6180339887498947 0]
[-1 0.6180339887498949 1.6180339887498947 0]
[-1 0.6180339887498949 -1.6180339887498947 0]
[-1 -0.6180339887498949 1.6180339887498947 0]
[-1 -0.6180339887498949 -1.6180339887498947 0]
[1 1.6180339887498947 0 0.6180339887498949]
[1 1.6180339887498947 0 -0.6180339887498949]
[1 -1.6180339887498947 0 0.6180339887498949]
[1 -1.6180339887498947 0 -0.6180339887498949]
[-1 1.6180339887498947 0 0.6180339887498949]
[-1 1.6180339887498947 0 -0.6180339887498949]
[-1 -1.6180339887498947 0 0.6180339887498949]
[-1 -1.6180339887498947 0 -0.6180339887498949]
[1.6180339887498947 0 1 0.6180339887498949]
[1.6180339887498947 0 1 -0.6180339887498949]
[1.6180339887498947 0 -1 0.6180339887498949]
[1.6180339887498947 0 -1 -0.6180339887498949]
[-1.6180339887498947 0 1 0.6180339887498949]
[-1.6180339887498947 0 1 -0.6180339887498949]
[-1.6180339887498947 0 -1 0.6180339887498949]
[-1.6180339887498947 0 -1 -0.6180339887498949]
[1.6180339887498947 0.6180339887498949 0 1]
[1.6180339887498947 0.6180339887498949 0 -1]
[1.6180339887498947 -0.6180339887498949 0 1]
[1.6180339887498947 -0.6180339887498949 0 -1]
[-1.6180339887498947 0.6180339887498949 0 1]
[-1.6180339887498947 0.6180339887498949 0 -1]
[-1.6180339887498947 -0.6180339887498949 0 1]
[-1.6180339887498947 -0.6180339887498949 0 -1]
][
24 25 edge
24 96 edge
25 96 edge
24 112 edge
96 112 edge
25 112 edge
24 97 edge
25 97 edge
24 113 edge
97 113 edge
25 113 edge
96 97 edge
0 24 edge
0 112 edge
24 104 edge
0 104 edge
104 112 edge
0 96 edge
1 24 edge
1 113 edge
24 105 edge
1 105 edge
105 113 edge
1 97 edge
24 88 edge
88 104 edge
88 105 edge
104 105 edge
0 88 edge
1 88 edge
24 72 edge
72 96 edge
72 97 edge
0 72 edge
1 72 edge
72 88 edge
80 112 edge
80 104 edge
112 114 edge
80 114 edge
104 114 edge
0 80 edge
82 112 edge
82 106 edge
106 112 edge
82 114 edge
106 114 edge
2 112 edge
2 82 edge
2 106 edge
80 82 edge
64 112 edge
64 96 edge
0 64 edge
2 64 edge
2 96 edge
64 80 edge
64 82 edge
90 104 edge
90 105 edge
26 104 edge
26 90 edge
26 105 edge
88 90 edge
4 104 edge
4 114 edge
4 26 edge
26 114 edge
4 80 edge
4 90 edge
56 104 edge
0 56 edge
56 88 edge
56 80 edge
56 90 edge
4 56 edge
91 106 edge
91 107 edge
106 107 edge
27 106 edge
27 91 edge
27 107 edge
89 106 edge
89 91 edge
89 107 edge
6 106 edge
6 114 edge
6 27 edge
27 114 edge
6 82 edge
6 91 edge
58 106 edge
2 58 edge
58 89 edge
2 89 edge
58 82 edge
58 91 edge
6 58 edge
98 114 edge
26 98 edge
27 98 edge
26 27 edge
4 98 edge
6 98 edge
66 114 edge
66 80 edge
66 82 edge
4 66 edge
6 66 edge
66 98 edge
26 99 edge
98 99 edge
27 99 edge
26 74 edge
74 90 edge
4 74 edge
5 74 edge
5 26 edge
5 90 edge
74 98 edge
74 99 edge
5 99 edge
22 96 edge
22 97 edge
22 72 edge
73 96 edge
22 73 edge
73 97 edge
48 96 edge
0 48 edge
48 72 edge
48 64 edge
50 96 edge
2 50 edge
50 73 edge
2 73 edge
50 64 edge
22 48 edge
22 50 edge
48 50 edge
0 40 edge
40 88 edge
40 72 edge
40 56 edge
0 32 edge
32 80 edge
32 64 edge
32 56 edge
40 48 edge
32 48 edge
32 40 edge
2 42 edge
42 89 edge
42 73 edge
73 89 edge
42 58 edge
2 34 edge
34 82 edge
34 64 edge
34 58 edge
42 50 edge
34 50 edge
34 42 edge
20 88 edge
20 90 edge
20 56 edge
20 57 edge
57 88 edge
57 90 edge
41 88 edge
40 41 edge
41 72 edge
20 40 edge
20 41 edge
41 57 edge
18 80 edge
18 82 edge
18 64 edge
18 66 edge
36 80 edge
4 36 edge
36 56 edge
36 66 edge
18 32 edge
32 36 edge
18 36 edge
38 82 edge
6 38 edge
38 58 edge
38 66 edge
18 34 edge
34 38 edge
18 38 edge
44 90 edge
4 44 edge
44 56 edge
44 74 edge
45 90 edge
5 45 edge
45 57 edge
5 57 edge
45 74 edge
20 44 edge
20 45 edge
44 45 edge
4 52 edge
52 98 edge
52 66 edge
52 74 edge
36 44 edge
36 52 edge
44 52 edge
6 54 edge
54 98 edge
54 66 edge
54 75 edge
6 75 edge
75 98 edge
6 46 edge
38 46 edge
46 58 edge
38 54 edge
46 54 edge
46 75 edge
23 98 edge
23 99 edge
23 74 edge
23 75 edge
75 99 edge
52 54 edge
23 52 edge
23 54 edge
72 76 edge
22 76 edge
48 76 edge
49 76 edge
49 72 edge
22 49 edge
40 76 edge
41 76 edge
41 49 edge
64 68 edge
48 68 edge
50 68 edge
32 68 edge
34 68 edge
18 68 edge
56 60 edge
40 60 edge
32 60 edge
20 60 edge
36 60 edge
44 60 edge
58 62 edge
42 62 edge
34 62 edge
21 62 edge
21 58 edge
21 42 edge
38 62 edge
46 62 edge
21 46 edge
66 70 edge
18 70 edge
36 70 edge
38 70 edge
52 70 edge
54 70 edge
74 78 edge
44 78 edge
45 78 edge
52 78 edge
53 78 edge
53 74 edge
45 53 edge
23 78 edge
23 53 edge
22 100 edge
48 100 edge
50 100 edge
76 100 edge
22 101 edge
49 101 edge
51 101 edge
22 51 edge
49 51 edge
76 101 edge
22 77 edge
77 100 edge
50 77 edge
77 101 edge
51 77 edge
100 101 edge
49 69 edge
69 101 edge
51 69 edge
9 49 edge
9 41 edge
9 33 edge
33 49 edge
33 41 edge
9 76 edge
9 69 edge
33 69 edge
9 101 edge
11 51 edge
11 43 edge
43 51 edge
11 35 edge
35 51 edge
35 43 edge
11 77 edge
43 77 edge
11 69 edge
35 69 edge
11 101 edge
41 61 edge
9 61 edge
33 61 edge
41 92 edge
61 92 edge
20 92 edge
20 61 edge
9 92 edge
76 92 edge
43 63 edge
11 63 edge
35 63 edge
43 93 edge
63 93 edge
21 63 edge
21 93 edge
21 43 edge
11 93 edge
77 93 edge
33 85 edge
19 85 edge
19 33 edge
37 85 edge
33 37 edge
19 37 edge
69 85 edge
19 69 edge
61 85 edge
37 61 edge
9 85 edge
35 87 edge
19 87 edge
19 35 edge
39 87 edge
35 39 edge
19 39 edge
69 87 edge
63 87 edge
39 63 edge
11 87 edge
18 84 edge
70 84 edge
36 84 edge
18 86 edge
70 86 edge
38 86 edge
84 86 edge
68 84 edge
68 86 edge
21 95 edge
46 95 edge
47 95 edge
21 47 edge
46 47 edge
62 95 edge
63 95 edge
47 63 edge
93 95 edge
62 93 edge
13 37 edge
13 45 edge
37 45 edge
13 53 edge
37 53 edge
13 61 edge
45 61 edge
13 71 edge
37 71 edge
53 71 edge
13 85 edge
71 85 edge
15 39 edge
15 47 edge
39 47 edge
15 55 edge
39 55 edge
47 55 edge
15 63 edge
15 71 edge
39 71 edge
55 71 edge
15 87 edge
71 87 edge
13 78 edge
13 94 edge
45 94 edge
61 94 edge
78 94 edge
15 79 edge
47 79 edge
55 79 edge
15 95 edge
79 95 edge
53 103 edge
55 103 edge
53 55 edge
23 103 edge
23 55 edge
71 103 edge
78 103 edge
13 103 edge
79 103 edge
23 79 edge
15 103 edge
28 76 edge
28 100 edge
28 101 edge
8 28 edge
8 76 edge
8 100 edge
9 28 edge
28 92 edge
8 92 edge
68 116 edge
100 116 edge
68 100 edge
8 116 edge
8 68 edge
10 116 edge
10 68 edge
10 100 edge
84 116 edge
8 84 edge
86 116 edge
10 86 edge
60 108 edge
8 108 edge
8 60 edge
92 108 edge
60 92 edge
84 108 edge
60 84 edge
94 108 edge
60 94 edge
92 94 edge
12 108 edge
12 60 edge
12 84 edge
12 94 edge
62 110 edge
10 110 edge
10 62 edge
93 110 edge
10 93 edge
86 110 edge
62 86 edge
95 110 edge
14 110 edge
14 62 edge
14 86 edge
14 95 edge
70 118 edge
84 118 edge
86 118 edge
12 118 edge
12 70 edge
14 118 edge
14 70 edge
102 118 edge
70 102 edge
12 102 edge
14 102 edge
30 78 edge
30 94 edge
12 30 edge
12 78 edge
13 30 edge
30 102 edge
78 102 edge
30 103 edge
102 103 edge
29 100 edge
28 29 edge
29 101 edge
28 116 edge
29 116 edge
10 29 edge
28 108 edge
108 116 edge
29 110 edge
29 93 edge
110 116 edge
108 109 edge
92 109 edge
94 109 edge
28 109 edge
116 118 edge
108 118 edge
110 118 edge
30 108 edge
30 109 edge
13 109 edge
30 118 edge
31 118 edge
14 31 edge
31 102 edge
31 110 edge
30 31 edge
31 103 edge
17 28 edge
17 29 edge
17 116 edge
17 117 edge
28 117 edge
29 117 edge
17 108 edge
17 109 edge
109 117 edge
17 118 edge
17 110 edge
17 30 edge
17 31 edge
17 111 edge
31 111 edge
110 111 edge
17 119 edge
31 119 edge
30 119 edge
111 119 edge
109 119 edge
117 119 edge
111 117 edge
29 111 edge
103 119 edge
15 31 edge
15 119 edge
15 111 edge
13 119 edge
31 95 edge
95 111 edge
87 119 edge
87 111 edge
87 117 edge
85 119 edge
85 109 edge
85 117 edge
85 87 edge
93 111 edge
11 111 edge
11 117 edge
11 29 edge
9 109 edge
9 117 edge
101 117 edge
31 79 edge
79 102 edge
14 79 edge
71 119 edge
63 111 edge
61 109 edge
69 117 edge
29 77 edge
10 77 edge
23 102 edge
54 102 edge
14 54 edge
54 79 edge
52 102 edge
12 52 edge
14 46 edge
46 79 edge
12 44 edge
44 94 edge
14 38 edge
12 36 edge
19 71 edge
20 94 edge
34 86 edge
10 34 edge
32 84 edge
8 32 edge
42 93 edge
10 42 edge
42 77 edge
42 43 edge
40 92 edge
8 40 edge
10 50 edge
8 48 edge
75 79 edge
55 75 edge
47 75 edge
67 71 edge
55 67 edge
53 67 edge
39 67 edge
37 67 edge
19 67 edge
59 63 edge
47 59 edge
39 59 edge
21 59 edge
35 59 edge
43 59 edge
57 61 edge
37 57 edge
33 57 edge
65 69 edge
19 65 edge
35 65 edge
33 65 edge
51 65 edge
49 65 edge
73 77 edge
43 73 edge
51 73 edge
55 99 edge
53 99 edge
67 99 edge
7 55 edge
7 47 edge
7 39 edge
7 75 edge
7 67 edge
7 59 edge
7 99 edge
5 53 edge
5 37 edge
5 67 edge
47 91 edge
46 91 edge
21 91 edge
75 91 edge
59 91 edge
7 91 edge
39 83 edge
19 83 edge
35 83 edge
67 83 edge
59 83 edge
65 83 edge
7 83 edge
37 81 edge
19 81 edge
33 81 edge
67 81 edge
57 81 edge
65 81 edge
5 81 edge
81 83 edge
21 89 edge
43 89 edge
59 89 edge
3 35 edge
3 43 edge
3 51 edge
3 59 edge
3 65 edge
3 73 edge
3 83 edge
3 89 edge
1 33 edge
1 41 edge
1 49 edge
1 57 edge
1 65 edge
1 81 edge
51 97 edge
49 97 edge
65 97 edge
3 97 edge
27 75 edge
7 27 edge
67 115 edge
99 115 edge
7 115 edge
5 115 edge
83 115 edge
81 115 edge
27 115 edge
26 115 edge
59 107 edge
7 107 edge
83 107 edge
3 107 edge
107 115 edge
57 105 edge
5 105 edge
81 105 edge
105 115 edge
65 113 edge
83 113 edge
81 113 edge
3 113 edge
113 115 edge
107 113 edge
25 73 edge
25 89 edge
3 25 edge
2 25 edge
25 107 edge
25 106 edge
16 27 edge
16 26 edge
16 115 edge
16 114 edge
16 107 edge
16 106 edge
16 105 edge
16 104 edge
16 113 edge
16 112 edge
16 25 edge
16 24 edge
][
[0 1 3 2 5 4] [3.618033988749904 2.618033988749902 0 1] face
[0 6 8 7 10 9] [3.618033988749898 2.6180339887498985 0 -1] face
[0 1 6 2 7 11] [1 1 0 0] face
[12 15 13 14 3 16] [2.2360679774997854 1 1 1] face
[12 17 13 1 3 4] [3.236067977499773 2.618033988749883 1 1.6180339887498858] face
[18 21 19 20 8 22] [2.2360679774997867 1 1 -1] face
[18 23 19 6 8 9] [3.236067977499776 2.6180339887498847 1 -1.6180339887498867] face
[24 14 20 25 26 27] [3.6180339887498896 1 2.6180339887498945 0] face
[12 28 15 24 14 25] [3.236067977499791 1.6180339887498978 2.6180339887499016 1] face
[18 29 21 24 20 26] [3.2360679774997934 1.6180339887498996 2.618033988749901 -1] face
[30 1 6 31 32 11] [2.6180339887498856 3.6180339887498847 1 0] face
[12 33 17 30 1 31] [2.6180339887498927 3.236067977499791 1.6180339887499002 1] face
[18 34 23 30 6 32] [2.618033988749896 3.236067977499792 1.6180339887499002 -1] face
[12 33 28 30 24 35] [4.2360679774998005 4.236067977499804 4.236067977499809 1] face
[18 34 29 30 24 35] [4.236067977499796 4.2360679774998005 4.236067977499804 -1] face
[37 36 39 16 40 38] [3.618033988749898 0 1 2.618033988749898] face
[41 15 13 37 36 16] [3.2360679774997894 1 1.618033988749894 2.618033988749897] face
[43 42 45 44 46 38] [3.618033988749896 0 -1 2.618033988749898] face
[48 49 47 43 42 44] [3.236067977499787 1 -1.6180339887498953 2.618033988749896] face
[50 36 39 42 45 38] [1 0 0 1] face
[53 17 13 52 51 4] [4.2360679774997765 4.2360679774997765 1 4.236067977499781] face
[54 55 47 52 51 4] [4.2360679774997765 4.2360679774997765 -1 4.236067977499779] face
[53 41 13 56 51 36] [2.618033988749894 1.6180339887498947 1 3.236067977499792] face
[54 48 47 57 51 42] [2.618033988749896 1.6180339887498953 -1 3.2360679774997934] face
[56 57 51 50 36 42] [2.618033988749892 1 0 3.6180339887498953] face
[61 60 62 58 59 27] [3.6180339887498896 -1 2.6180339887498905 0] face
[63 25 26 58 59 27] [1 0 1 0] face
[66 64 65 60 67 40] [2.236067977499789 -1 1 1] face
[68 64 65 37 39 40] [3.236067977499787 -1 1.6180339887498936 2.6180339887498927] face
[66 69 64 61 60 58] [3.236067977499792 -1.618033988749897 2.618033988749897 1] face
[71 28 15 72 70 25] [2.6180339887498927 1 3.2360679774997894 1.6180339887498927] face
[71 41 15 73 70 37] [4.236067977499792 1 4.236067977499792 4.236067977499792] face
[72 74 70 63 25 58] [2.618033988749898 0 3.6180339887499 1] face
[75 68 64 73 70 37] [4.236067977499787 -1 4.236067977499785 4.236067977499785] face
[75 69 64 74 70 58] [2.618033988749897 -1 3.2360679774997894 1.6180339887498947] face
[80 79 81 76 77 78] [3.618033988749897 -1 -2.6180339887498945 0] face
[83 82 84 76 77 78] [1 0 -1 0] face
[87 85 86 79 88 46] [2.2360679774997885 -1 -1 1] face
[89 85 86 43 45 46] [3.236067977499788 -1 -1.6180339887498933 2.6180339887498945] face
[87 90 85 80 79 76] [3.236067977499792 -1.618033988749896 -2.618033988749896 1] face
[92 94 49 93 91 82] [2.618033988749892 1 -3.2360679774997854 1.6180339887498907] face
[92 48 49 95 91 43] [4.236067977499784 1 -4.236067977499781 4.236067977499785] face
[93 96 91 83 82 76] [2.618033988749897 0 -3.6180339887499 1] face
[97 89 85 95 91 43] [4.236067977499789 -1 -4.236067977499788 4.236067977499789] face
[97 90 85 96 91 76] [2.618033988749897 -1 -3.2360679774997894 1.6180339887498933] face
[101 99 67 100 88 98] [3.618033988749901 -2.618033988749898 0 1] face
[66 102 65 99 67 98] [3.2360679774997854 -2.6180339887498927 1 1.6180339887498916] face
[87 103 86 100 88 98] [3.236067977499787 -2.618033988749893 -1 1.6180339887498933] face
[105 106 104 50 39 45] [2.618033988749898 -1 0 3.618033988749901] face
[107 68 65 105 104 39] [2.6180339887498913 -1.6180339887498927 1 3.236067977499784] face
[108 89 86 106 104 45] [2.618033988749892 -1.6180339887498927 -1 3.2360679774997854] face
[107 102 65 109 104 98] [4.236067977499789 -4.236067977499792 1 4.236067977499789] face
[108 103 86 109 104 98] [4.23606797749978 -4.236067977499784 -1 4.236067977499781] face
[101 99 110 100 112 111] [1 -1 0 0] face
[66 115 69 113 61 114] [4.236067977499789 -4.236067977499787 4.236067977499789 1] face
[117 116 118 113 61 114] [4.236067977499789 -4.236067977499788 4.236067977499789 -1] face
[66 115 102 113 99 119] [2.618033988749892 -3.2360679774997867 1.6180339887498927 1] face
[117 116 121 113 110 120] [2.6180339887498913 -3.2360679774997867 1.6180339887498927 -1] face
[113 99 110 119 120 111] [2.618033988749896 -3.618033988749898 1 0] face
[124 122 123 31 32 11] [2.6180339887498985 6.854101966249668 1 0] face
[126 122 123 125 127 11] [2.618033988749896 6.854101966249668 -1 0] face
[129 33 17 130 128 31] [1 2.2360679774997823 1 1] face
[129 53 17 131 128 52] [1.6180339887498978 3.2360679774997814 1 2.6180339887498905] face
[133 135 55 134 132 125] [1 2.2360679774997823 -1 1] face
[133 54 55 136 132 52] [1.6180339887498973 3.236067977499783 -1 2.618033988749892] face
[137 124 122 130 128 31] [1 4.236067977499781 1 1] face
[138 126 122 134 132 125] [1 4.236067977499781 -1 1] face
[139 131 128 136 132 52] [1 3.6180339887498847 0 2.618033988749885] face
[137 138 122 139 128 132] [1 6.854101966249631 0 2.6180339887498683] face
[140 33 28 142 141 35] [1.6180339887499058 2.6180339887499056 3.2360679774998022 1] face
[140 71 28 143 141 72] [1 1 2.236067977499784 1] face
[144 53 41 146 145 56] [1 1 1 2.2360679774997823] face
[144 71 41 147 145 73] [1.618033988749903 1 2.6180339887499002 3.2360679774997965] face
[140 129 33 148 142 130] [1 3.2360679774997854 2.618033988749886 1.6180339887498905] face
[144 129 53 149 146 131] [1 2.6180339887498874 1.6180339887498874 3.236067977499777] face
[144 140 71 150 147 143] [1 1.6180339887498885 3.23606797749978 2.618033988749885] face
[144 140 129 150 149 148] [1 4.236067977499761 4.236067977499756 4.236067977499756] face
[151 135 94 153 152 154] [1.6180339887499058 2.6180339887499082 -3.2360679774998036 1] face
[151 92 94 155 152 93] [1 1 -2.2360679774997845 1] face
[156 54 48 158 157 57] [1 1 -1 2.236067977499786] face
[156 92 48 159 157 95] [1.6180339887499002 1 -2.6180339887499 3.2360679774997947] face
[151 133 135 160 153 134] [1 3.2360679774997867 -2.6180339887498882 1.6180339887498907] face
[156 133 54 161 158 136] [1 2.6180339887498927 -1.6180339887498894 3.2360679774997827] face
[156 151 92 162 159 155] [1 1.6180339887498916 -3.2360679774997854 2.6180339887498874] face
[156 151 133 162 161 160] [1 4.236067977499771 -4.236067977499766 4.236067977499764] face
[165 163 164 72 74 63] [2.6180339887499002 0 6.854101966249678 1] face
[166 163 164 167 168 63] [2.618033988749904 0 6.85410196624969 -1] face
[170 142 141 171 169 35] [1 2.6180339887498856 3.6180339887498807 0] face
[172 165 163 143 141 72] [1 1 4.2360679774997765 1] face
[173 166 163 174 169 167] [1 1 4.236067977499781 -1] face
[172 173 163 170 141 169] [1 2.6180339887498807 6.854101966249646 0] face
[177 175 176 56 57 50] [2.618033988749892 1 0 6.854101966249655] face
[178 175 176 105 106 50] [2.6180339887499 -1 0 6.85410196624968] face
[180 75 68 181 179 73] [1.6180339887498991 -1 2.618033988749896 3.236067977499788] face
[180 107 68 182 179 105] [1 -1 1 2.236067977499783] face
[183 177 175 146 145 56] [1 1 1 4.23606797749977] face
[184 147 145 181 179 73] [1 0 2.6180339887498882 3.618033988749883] face
[185 178 175 182 179 105] [1 -1 1 4.2360679774997765] face
[183 185 175 184 145 179] [1 0 2.618033988749878 6.85410196624964] face
[187 97 89 188 186 95] [1.6180339887498982 -1 -2.6180339887498945 3.2360679774997894] face
[187 108 89 189 186 106] [1 -1 -1 2.236067977499786] face
[190 177 176 158 157 57] [1 1 -1 4.236067977499781] face
[191 159 157 188 186 95] [1 0 -2.6180339887498945 3.6180339887498913] face
[192 178 176 189 186 106] [1 -1 -1 4.236067977499777] face
[190 192 176 191 157 186] [1 0 -2.6180339887498874 6.8541019662496625] face
[194 75 69 195 193 74] [1 -1 2.2360679774997876 1] face
[194 115 69 196 193 114] [1.6180339887498982 -2.618033988749896 3.236067977499792 1] face
[198 200 118 199 197 168] [1 -1 2.2360679774997876 -1] face
[198 116 118 201 197 114] [1.618033988749896 -2.618033988749896 3.236067977499791 -1] face
[202 165 164 195 193 74] [1 -1 4.236067977499784 1] face
[203 166 164 199 197 168] [1 -1 4.236067977499788 -1] face
[204 196 193 201 197 114] [1 -2.618033988749897 3.618033988749897 0] face
[202 203 164 204 193 197] [1 -2.6180339887498927 6.854101966249678 0] face
[205 107 102 207 206 109] [1.6180339887498973 -3.236067977499791 1 2.618033988749896] face
[205 115 102 208 206 119] [1 -2.2360679774997876 1 1] face
[180 194 75 209 181 195] [1 -1.6180339887498913 3.236067977499783 2.618033988749892] face
[180 205 107 210 182 207] [1 -2.6180339887498874 1.6180339887498907 3.2360679774997827] face
[194 205 115 211 196 208] [1 -3.2360679774997787 2.618033988749886 1.6180339887498905] face
[180 194 205 209 210 211] [1 -4.236067977499771 4.236067977499774 4.2360679774997765] face
[212 108 103 214 213 109] [1.6180339887498947 -3.2360679774997894 -1 2.6180339887498945] face
[212 216 103 215 213 217] [1 -2.2360679774997907 -1 1] face
[187 218 97 219 188 220] [1 -1.6180339887498933 -3.236067977499784 2.618033988749892] face
[187 212 108 221 189 214] [1 -2.6180339887498927 -1.6180339887498933 3.236067977499788] face
[218 212 216 222 223 215] [1 -3.2360679774997894 -2.618033988749892 1.6180339887498953] face
[187 218 212 219 221 222] [1 -4.236067977499792 -4.236067977499789 4.236067977499792] face
[226 224 225 119 120 111] [2.618033988749897 -6.854101966249693 1 0] face
[227 224 225 217 228 111] [2.618033988749892 -6.854101966249686 -1 0] face
[229 207 206 214 213 109] [1 -3.6180339887498945 0 2.618033988749894] face
[230 226 224 208 206 119] [1 -4.236067977499789 1 1] face
[231 227 224 215 213 217] [1 -4.236067977499792 -1 1] face
[230 231 224 229 206 213] [1 -6.854101966249681 0 2.6180339887498945] face
[137 124 233 130 234 232] [0 6.854101966249693 2.618033988749892 1] face
[237 124 233 236 235 232] [0 6.854101966249711 2.618033988749901 -1] face
[148 142 238 130 234 232] [0 3.6180339887498887 2.618033988749886 1] face
[240 171 239 236 235 232] [0 3.618033988749902 2.618033988749897 -1] face
[170 142 238 171 239 232] [0 1 1 0] face
[139 131 242 136 243 241] [0 1 0 1] face
[149 146 244 131 242 241] [0 2.618033988749897 1 3.618033988749893] face
[161 158 245 136 243 241] [0 2.618033988749898 -1 3.6180339887498913] face
[183 177 246 146 244 241] [0 2.6180339887498927 1 6.854101966249665] face
[190 177 246 158 245 241] [0 2.6180339887498913 -1 6.854101966249665] face
[150 147 249 143 248 247] [0 1 3.618033988749893 2.618033988749892] face
[172 165 250 143 248 247] [0 1 6.854101966249662 2.61803398874989] face
[184 147 249 181 251 247] [0 0 1 1] face
[202 165 250 195 252 247] [0 -1 6.854101966249697 2.618033988749901] face
[209 181 251 195 252 247] [0 -1 3.6180339887499 2.6180339887499002] face
[162 159 255 155 254 253] [0 1 -3.6180339887498856 2.618033988749885] face
[258 257 256 155 254 253] [0 1 -6.854101966249646 2.618033988749883] face
[191 159 255 188 259 253] [0 0 -1 1] face
[261 257 256 220 260 253] [0 -1 -6.854101966249706 2.6180339887499016] face
[219 188 259 220 260 253] [0 -1 -3.6180339887499 2.6180339887499] face
[185 178 263 182 264 262] [0 -2.6180339887498985 1 6.854101966249698] face
[192 178 263 189 265 262] [0 -2.618033988749902 -1 6.854101966249706] face
[210 182 264 207 266 262] [0 -2.618033988749893 1 3.6180339887498953] face
[221 189 265 214 267 262] [0 -2.618033988749896 -1 3.618033988749898] face
[229 207 266 214 267 262] [0 -1 0 1] face
[204 196 269 201 270 268] [0 -1 1 0] face
[211 196 269 208 271 268] [0 -3.618033988749898 2.618033988749896 1] face
[274 201 270 273 272 268] [0 -3.6180339887498953 2.6180339887498945 -1] face
[230 226 275 208 271 268] [0 -6.85410196624969 2.618033988749898 1] face
[276 226 275 273 272 268] [0 -6.854101966249689 2.618033988749897 -1] face
[137 138 277 139 278 279] [-1 6.854101966249642 0 2.6180339887498723] face
[137 233 277 234 278 280] [-1 4.236067977499784 1 1] face
[237 284 281 285 282 283] [-1 6.8541019662496225 0 -2.618033988749867] face
[237 233 281 235 282 286] [-1 4.2360679774997765 1 -1] face
[138 287 277 289 279 288] [-1 4.23606797749978 -1 1] face
[284 287 281 291 283 290] [-1 4.236067977499772 -1 -1] face
[233 277 281 280 286 292] [-2.618033988749902 6.854101966249698 1 0] face
[287 277 281 288 290 292] [-2.6180339887499025 6.854101966249697 -1 0] face
[285 293 282 295 283 294] [-1 3.6180339887498816 0 -2.618033988749885] face
[298 297 296 300 299 240] [-1 4.236067977499764 4.236067977499756 -4.236067977499759] face
[297 296 301 240 239 235] [-1 3.2360679774997787 2.6180339887498847 -1.6180339887498894] face
[298 296 302 299 303 293] [-1 2.618033988749892 1.618033988749892 -3.2360679774997827] face
[296 301 304 235 282 286] [-1 2.2360679774997867 1 -1] face
[296 302 304 293 282 294] [-1.6180339887498953 3.236067977499788 1 -2.6180339887498927] face
[308 306 305 310 309 307] [-1 4.236067977499747 -4.236067977499739 -4.236067977499744] face
[306 305 311 307 312 291] [-1 3.236067977499773 -2.618033988749879 -1.6180339887498894] face
[308 305 313 309 314 295] [-1 2.618033988749886 -1.6180339887498885 -3.236067977499777] face
[305 311 315 291 283 290] [-1 2.236067977499784 -1 -1] face
[305 313 315 295 283 294] [-1.6180339887498967 3.236067977499788 -1 -2.618033988749893] face
[298 297 317 300 318 316] [-1 1.6180339887498907 3.2360679774997814 -2.618033988749886] face
[173 322 321 316 319 320] [-1 1 4.236067977499774 -1] face
[297 301 323 239 319 324] [-1.6180339887498967 2.6180339887498945 3.2360679774997894 -1] face
[297 317 323 316 319 320] [-1 1 2.236067977499789 -1] face
[308 306 326 310 327 325] [-1 1.6180339887498865 -3.2360679774997734 -2.6180339887498794] face
[332 330 331 325 328 329] [-1 1 -4.236067977499766 -1] face
[306 311 333 312 328 334] [-1.618033988749896 2.61803398874989 -3.2360679774997854 -1] face
[306 326 333 325 328 329] [-1 1 -2.236067977499784 -1] face
[337 340 336 339 335 338] [-1 0 2.6180339887498882 -6.854101966249664] face
[337 342 336 303 335 341] [-1 1 1 -4.23606797749978] face
[339 318 335 344 338 343] [-1 0 2.618033988749892 -3.6180339887498913] face
[298 302 345 303 335 341] [-1 1 1 -2.2360679774997907] face
[298 317 345 318 335 343] [-1.6180339887498956 1 2.618033988749896 -3.2360679774997894] face
[348 351 347 350 346 349] [-1 0 -2.6180339887498887 -6.854101966249668] face
[348 342 347 314 346 352] [-1 1 -1 -4.236067977499777] face
[350 327 346 354 349 353] [-1 0 -2.618033988749892 -3.6180339887498896] face
[308 313 355 314 346 352] [-1 1 -1 -2.236067977499789] face
[308 326 355 327 346 353] [-1.6180339887498956 1 -2.618033988749896 -3.236067977499788] face
[185 263 356 264 358 357] [-1 -1 1 4.2360679774997765] face
[192 263 359 265 361 360] [-1 -1 -1 4.23606797749978] face
[246 356 359 363 364 362] [-2.6180339887499056 1 0 6.854101966249703] face
[263 356 359 357 360 362] [-2.618033988749907 -1 0 6.854101966249706] face
[261 368 365 369 366 367] [-1 -2.618033988749897 -6.854101966249689 0] face
[261 256 365 260 366 370] [-1 -1 -4.236067977499792 1] face
[368 330 365 372 367 371] [-1 -1 -4.236067977499785 -1] face
[256 331 365 374 370 373] [-2.618033988749901 0 -6.854101966249701 1] face
[330 331 365 329 371 373] [-2.618033988749892 0 -6.854101966249672 -1] face
[375 376 378 377 379 274] [-1 -4.236067977499792 4.236067977499792 -4.236067977499792] face
[375 376 380 377 344 381] [-1 -1.6180339887498936 3.236067977499788 -2.618033988749893] face
[375 378 382 379 383 384] [-1 -2.618033988749893 1.6180339887498936 -3.2360679774997894] face
[375 380 385 344 338 343] [-1.618033988749896 -1 2.618033988749896 -3.236067977499792] face
[375 382 385 383 338 386] [-1 -1 1 -2.236067977499789] face
[387 388 390 389 391 392] [-1 -4.236067977499788 -4.236067977499787 -4.236067977499788] face
[387 388 393 389 354 372] [-1 -1.6180339887498936 -3.236067977499788 -2.618033988749894] face
[387 390 394 391 395 396] [-1 -2.618033988749893 -1.6180339887498933 -3.236067977499788] face
[387 393 397 354 349 353] [-1.6180339887498967 -1 -2.618033988749896 -3.236067977499791] face
[387 394 397 395 349 398] [-1 -1 -1 -2.236067977499789] face
[376 378 399 274 270 272] [-1 -3.236067977499791 2.618033988749897 -1.6180339887498956] face
[376 380 400 381 401 402] [-1 -1 2.2360679774997907 -1] face
[376 399 400 270 401 403] [-1.6180339887498936 -2.6180339887498945 3.2360679774997907 -1] face
[388 390 404 392 405 406] [-1 -3.2360679774997894 -2.618033988749893 -1.6180339887498933] face
[388 393 407 372 367 371] [-1 -1 -2.236067977499789 -1] face
[388 404 407 405 367 408] [-1.6180339887498947 -2.6180339887498945 -3.2360679774997894 -1] face
[276 413 412 411 409 410] [-1 -6.854101966249695 0 -2.618033988749897] face
[411 384 409 396 410 414] [-1 -3.618033988749898 0 -2.618033988749897] face
[276 275 412 272 409 415] [-1 -4.236067977499792 1 -1] face
[378 382 416 384 409 414] [-1.6180339887498933 -3.2360679774997867 1 -2.6180339887498927] face
[378 399 416 272 409 415] [-1 -2.236067977499789 1 -1] face
[413 418 412 406 410 417] [-1 -4.236067977499792 -1 -1] face
[390 394 419 396 410 414] [-1.618033988749894 -3.2360679774997894 -1 -2.618033988749896] face
[390 404 419 406 410 417] [-1 -2.2360679774997894 -1 -1] face
[420 421 422 280 286 292] [-2.6180339887498945 3.6180339887498945 1 0] face
[423 424 425 420 421 280] [-2.6180339887498945 3.2360679774997894 1.6180339887498956 1] face
[426 301 304 420 422 286] [-2.6180339887498945 3.236067977499788 1.6180339887498956 -1] face
[423 424 428 420 427 324] [-4.236067977499792 4.236067977499789 4.236067977499792 1] face
[426 301 323 420 427 324] [-4.236067977499789 4.236067977499789 4.236067977499789 -1] face
[433 425 432 431 429 430] [-4.236067977499792 4.236067977499789 1 4.236067977499792] face
[435 436 434 431 429 430] [-4.236067977499781 4.236067977499784 -1 4.236067977499784] face
[433 438 432 363 429 437] [-2.618033988749898 1.6180339887498956 1 3.236067977499792] face
[435 440 434 364 429 439] [-2.6180339887498927 1.618033988749892 -1 3.236067977499787] face
[363 364 429 362 437 439] [-2.6180339887498985 1 0 3.6180339887499] face
[443 428 442 445 441 444] [-2.6180339887498856 1 3.236067977499781 1.6180339887498885] face
[443 438 442 447 441 446] [-4.2360679774997765 1 4.2360679774997765 4.236067977499777] face
[445 449 441 450 444 448] [-2.6180339887499 0 3.618033988749904 1] face
[452 453 451 447 441 446] [-4.236067977499792 -1 4.236067977499789 4.236067977499792] face
[452 454 451 449 441 448] [-2.6180339887498927 -1 3.2360679774997894 1.6180339887498936] face
[457 459 456 374 455 458] [-2.618033988749892 1 -3.236067977499783 1.6180339887498913] face
[457 440 456 461 455 460] [-4.236067977499784 1 -4.236067977499781 4.236067977499781] face
[374 370 455 373 458 462] [-2.618033988749897 0 -3.618033988749897 1] face
[464 465 463 461 455 460] [-4.236067977499796 -1 -4.236067977499796 4.236067977499796] face
[464 466 463 370 455 462] [-2.618033988749898 -1 -3.2360679774997947 1.618033988749897] face
[357 360 467 362 468 469] [-2.6180339887499002 -1 0 3.6180339887499] face
[471 453 470 357 467 468] [-2.618033988749897 -1.6180339887498936 1 3.2360679774997894] face
[473 465 472 360 467 469] [-2.6180339887498927 -1.618033988749892 -1 3.2360679774997854] face
[471 476 470 475 467 474] [-4.236067977499787 -4.236067977499784 1 4.236067977499785] face
[473 477 472 475 467 474] [-4.236067977499781 -4.236067977499781 -1 4.23606797749978] face
[480 481 454 478 479 403] [-4.236067977499796 -4.236067977499796 4.236067977499796 1] face
[482 399 400 478 479 403] [-4.236067977499792 -4.236067977499792 4.236067977499792 -1] face
[480 481 476 478 483 484] [-2.618033988749896 -3.2360679774997894 1.618033988749896 1] face
[482 399 416 478 485 415] [-2.618033988749896 -3.2360679774997894 1.6180339887498953 -1] face
[478 483 485 484 415 486] [-2.618033988749894 -3.6180339887498913 1 0] face
[488 421 422 487 489 292] [-1 1 0 0] face
[423 425 432 421 490 430] [-3.2360679774997867 2.6180339887498927 1 1.6180339887498927] face
[492 436 434 487 491 430] [-3.236067977499783 2.6180339887498927 -1 1.618033988749892] face
[488 421 490 487 491 430] [-3.6180339887499 2.6180339887499 0 1] face
[423 428 442 427 493 444] [-3.236067977499792 1.6180339887498982 2.618033988749898 1] face
[438 442 432 446 437 494] [-3.236067977499788 1 1.6180339887498933 2.6180339887498927] face
[423 442 432 493 490 494] [-2.236067977499788 1 1 1] face
[492 459 456 496 495 458] [-3.2360679774997867 1.6180339887498916 -2.618033988749893 1] face
[440 456 434 460 439 497] [-3.2360679774997947 1 -1.6180339887498982 2.618033988749897] face
[492 456 434 495 491 497] [-2.236067977499791 1 -1 1] face
[450 444 499 448 500 498] [-1 0 1 0] face
[427 493 501 444 499 498] [-3.6180339887498896 1 2.618033988749892 0] face
[362 437 468 439 469 502] [-1 0 0 1] face
[453 451 470 446 468 503] [-3.2360679774997907 -1 1.618033988749894 2.618033988749896] face
[446 437 468 494 503 502] [-3.618033988749898 0 1 2.618033988749896] face
[465 463 472 460 469 504] [-3.236067977499791 -1 -1.618033988749896 2.618033988749896] face
[460 439 469 497 504 502] [-3.6180339887498905 0 -1 2.618033988749892] face
[480 454 451 479 505 448] [-3.236067977499792 -1.618033988749897 2.618033988749898 1] face
[482 400 507 479 506 500] [-3.236067977499791 -1.6180339887498973 2.618033988749897 -1] face
[479 505 506 448 500 498] [-3.6180339887498896 -1 2.618033988749892 0] face
[480 476 470 483 508 474] [-3.2360679774997867 -2.618033988749892 1 1.6180339887498933] face
[480 451 470 505 508 503] [-2.236067977499789 -1 1 1] face
[510 477 472 511 509 474] [-3.2360679774997854 -2.618033988749892 -1 1.6180339887498927] face
[510 463 472 512 509 504] [-2.236067977499789 -1 -1 1] face
[513 483 485 511 514 486] [-1 -1 0 0] face
[513 483 508 511 509 474] [-3.618033988749897 -2.618033988749896 0 1] face
[515 516 517 488 490 491] [-6.854101966249695 2.6180339887498985 0 1] face
[515 516 518 488 519 520] [-6.854101966249687 2.618033988749896 0 -1] face
[515 521 517 493 490 494] [-4.236067977499789 1 1 1] face
[515 522 518 501 519 523] [-4.236067977499789 1 1 -1] face
[515 521 522 493 501 498] [-6.85410196624968 1 2.618033988749892 0] face
[521 517 524 494 503 502] [-6.854101966249687 0 1 2.618033988749896] face
[525 517 524 497 504 502] [-6.854101966249678 0 -1 2.618033988749892] face
[526 521 522 505 506 498] [-6.85410196624968 -1 2.618033988749892 0] face
[526 521 524 505 508 503] [-4.236067977499788 -1 1 1] face
[527 525 528 512 529 530] [-6.854101966249687 -1 -2.618033988749896 0] face
[527 525 524 512 509 504] [-4.236067977499792 -1 -1 1] face
[526 527 531 513 533 532] [-6.854101966249687 -2.618033988749896 0 -1] face
[526 527 524 513 508 509] [-6.854101966249687 -2.618033988749896 0 1] face
[527 528 531 529 532 534] [-4.236067977499792 -1 -1 -1] face
[526 522 531 506 533 535] [-4.236067977499788 -1 1 -1] face
[528 518 531 537 534 536] [-6.854101966249681 0 -1 -2.6180339887498927] face
[522 518 531 523 535 536] [-6.854101966249689 0 1 -2.618033988749897] face
[516 525 528 495 538 530] [-6.854101966249697 1 -2.618033988749901 0] face
[516 528 518 538 520 537] [-4.236067977499794 1 -1 -1] face
[516 525 517 495 491 497] [-4.236067977499796 1 -1 1] face
[513 485 533 514 532 539] [-3.6180339887498953 -2.618033988749896 0 -1] face
[540 542 541 529 532 534] [-2.236067977499789 -1 -1 -1] face
[540 419 541 514 532 539] [-3.236067977499788 -2.6180339887498945 -1 -1.6180339887498947] face
[482 507 543 506 533 535] [-2.236067977499788 -1 1 -1] face
[482 416 543 485 533 539] [-3.2360679774997907 -2.618033988749896 1 -1.6180339887498947] face
[544 512 529 462 545 530] [-3.618033988749896 -1 -2.618033988749896 0] face
[540 407 542 544 529 545] [-3.2360679774997894 -1.6180339887498947 -2.618033988749896 -1] face
[510 466 463 544 512 462] [-3.236067977499792 -1.6180339887498956 -2.618033988749896 1] face
[547 548 546 537 534 536] [-3.618033988749893 0 -1 -2.6180339887498927] face
[397 542 541 547 546 534] [-3.2360679774997894 -1 -1.6180339887498947 -2.6180339887498945] face
[550 551 549 523 535 536] [-3.618033988749896 0 1 -2.618033988749897] face
[385 507 543 550 549 535] [-3.2360679774997867 -1 1.6180339887498933 -2.618033988749893] face
[552 551 549 548 546 536] [-1 0 0 -1] face
[496 495 538 458 553 530] [-3.618033988749904 1 -2.618033988749901 0] face
[373 458 553 462 545 530] [-1 0 -1 0] face
[556 554 555 538 520 537] [-2.2360679774997925 1 -1 -1] face
[355 554 555 547 548 537] [-3.2360679774997956 1 -1.6180339887498982 -2.618033988749897] face
[556 333 554 496 538 553] [-3.2360679774997854 1.61803398874989 -2.618033988749892 -1] face
[426 557 558 501 519 523] [-2.2360679774997876 1 1 -1] face
[345 557 558 550 551 523] [-3.236067977499788 1 1.618033988749894 -2.6180339887498945] face
[426 323 557 427 501 499] [-3.236067977499788 1.618033988749896 2.6180339887498945 -1] face
[488 422 519 489 520 559] [-3.6180339887498953 2.618033988749896 0 -1] face
[556 315 555 489 520 559] [-3.2360679774997867 2.6180339887498927 -1 -1.6180339887498936] face
[426 304 558 422 519 559] [-3.236067977499787 2.6180339887498927 1 -1.618033988749894] face
[560 511 514 561 417 486] [-2.618033988749896 -3.618033988749893 -1 0] face
[540 404 419 560 514 417] [-2.6180339887498945 -3.2360679774997907 -1.6180339887498953 -1] face
[510 562 477 560 511 561] [-2.618033988749898 -3.236067977499792 -1.6180339887498967 1] face
[540 404 407 560 544 408] [-4.236067977499789 -4.236067977499789 -4.236067977499788 -1] face
[510 562 466 560 544 408] [-4.236067977499801 -4.236067977499802 -4.236067977499799 1] face
[394 419 541 414 563 539] [-4.236067977499787 -4.236067977499789 -1 -4.236067977499792] face
[382 416 543 414 563 539] [-4.236067977499785 -4.236067977499787 1 -4.236067977499787] face
[394 397 541 398 563 546] [-2.618033988749893 -1.618033988749894 -1 -3.2360679774997894] face
[382 385 543 386 563 549] [-2.618033988749892 -1.6180339887498933 1 -3.236067977499787] face
[386 398 563 552 549 546] [-2.618033988749896 -1 0 -3.618033988749898] face
[393 407 542 371 564 545] [-2.618033988749896 -1 -3.236067977499791 -1.6180339887498947] face
[393 397 542 353 564 547] [-4.236067977499792 -1 -4.236067977499792 -4.236067977499792] face
[329 371 564 373 553 545] [-2.618033988749896 0 -3.618033988749893 -1] face
[326 355 554 353 564 547] [-4.236067977499796 1 -4.236067977499796 -4.236067977499792] face
[326 333 554 329 564 553] [-2.618033988749898 1 -3.236067977499791 -1.6180339887498953] face
[380 400 507 402 565 500] [-2.6180339887498905 -1 3.236067977499787 -1.6180339887498936] face
[380 385 507 343 565 550] [-4.236067977499784 -1 4.236067977499788 -4.236067977499789] face
[320 402 565 450 499 500] [-2.6180339887498945 0 3.618033988749898 -1] face
[317 345 557 343 565 550] [-4.236067977499784 1 4.236067977499788 -4.236067977499789] face
[317 323 557 320 565 499] [-2.61803398874989 1 3.236067977499788 -1.618033988749894] face
[341 352 566 552 551 548] [-2.618033988749896 1 0 -3.618033988749898] face
[313 355 555 352 566 548] [-2.6180339887498927 1.6180339887498947 -1 -3.2360679774997894] face
[302 345 558 341 566 551] [-2.6180339887498945 1.6180339887498953 1 -3.236067977499791] face
[313 315 555 294 566 559] [-4.23606797749978 4.236067977499784 -1 -4.236067977499784] face
[302 304 558 294 566 559] [-4.236067977499788 4.236067977499789 1 -4.236067977499789] face
[556 311 333 567 496 334] [-4.2360679774997765 4.2360679774997765 -4.236067977499779 -1] face
[492 568 459 567 496 334] [-4.236067977499789 4.236067977499789 -4.236067977499792 1] face
[556 311 315 567 489 290] [-2.6180339887498882 3.2360679774997814 -1.6180339887498913 -1] face
[492 568 436 567 487 288] [-2.618033988749894 3.2360679774997907 -1.6180339887498956 1] face
[567 487 489 288 290 292] [-2.618033988749896 3.618033988749898 -1 0] face
[418 569 412 561 417 486] [-2.618033988749892 -6.85410196624968 -1 0] face
[275 569 412 484 415 486] [-2.618033988749892 -6.854101966249678 1 0] face
[571 562 477 572 570 561] [-1 -2.236067977499789 -1 1] face
[571 473 477 267 570 475] [-1.6180339887498936 -3.2360679774997854 -1 2.618033988749892] face
[231 418 569 572 570 561] [-1 -4.236067977499792 -1 1] face
[574 481 476 271 573 484] [-1 -2.236067977499792 1 1] face
[574 471 476 266 573 475] [-1.6180339887498927 -3.2360679774997867 1 2.618033988749893] face
[230 275 569 271 573 484] [-1 -4.236067977499796 1 1] face
[229 266 573 267 570 475] [-1 -3.618033988749898 0 2.618033988749898] face
[230 231 569 229 573 570] [-1 -6.854101966249703 0 2.6180339887499025] face
[575 562 466 576 366 408] [-1.6180339887498956 -2.6180339887498985 -3.236067977499794 1] face
[575 464 466 260 366 370] [-1 -1 -2.236067977499794 1] face
[575 571 562 222 576 572] [-1 -3.236067977499792 -2.618033988749894 1.6180339887498953] face
[369 576 366 405 367 408] [-1 -2.6180339887498985 -3.6180339887499 0] face
[577 481 454 269 578 403] [-1.6180339887498973 -2.618033988749898 3.2360679774997947 1] face
[577 452 454 252 578 449] [-1 -1 2.2360679774997885 1] face
[577 574 481 211 269 271] [-1 -3.236067977499792 2.618033988749897 1.618033988749896] face
[204 269 578 270 401 403] [-1 -2.618033988749896 3.618033988749898 0] face
[579 473 465 265 361 360] [-1 -1 -1 2.2360679774997894] face
[579 464 465 259 361 461] [-1.6180339887498978 -1 -2.6180339887498985 3.2360679774997956] face
[579 571 473 221 265 267] [-1 -2.618033988749893 -1.6180339887498947 3.2360679774997894] face
[579 575 464 219 259 260] [-1 -1.618033988749897 -3.2360679774997965 2.6180339887499002] face
[579 575 571 219 221 222] [-1 -4.236067977499792 -4.236067977499792 4.236067977499792] face
[580 471 453 264 358 357] [-1 -1 1 2.236067977499789] face
[580 452 453 251 358 447] [-1.6180339887498982 -1 2.618033988749897 3.2360679774997934] face
[580 574 471 210 264 266] [-1 -2.6180339887498905 1.6180339887498927 3.2360679774997854] face
[580 577 452 209 251 252] [-1 -1.6180339887498916 3.2360679774997854 2.618033988749892] face
[580 577 574 209 210 211] [-1 -4.236067977499784 4.236067977499785 4.236067977499788] face
[581 336 347 386 398 552] [-2.618033988749897 -1 0 -6.854101966249689] face
[342 336 347 341 352 552] [-2.618033988749897 1 0 -6.854101966249681] face
[351 581 347 395 349 398] [-1 -1 -1 -4.236067977499784] face
[340 581 336 383 338 386] [-1 -1 1 -4.236067977499784] face
[322 321 582 320 402 450] [-2.618033988749892 0 6.854101966249676 -1] face
[250 321 582 445 449 450] [-2.618033988749902 0 6.854101966249697 1] face
[203 322 582 381 401 402] [-1 -1 4.236067977499787 -1] face
[202 250 582 252 578 449] [-1 -1 4.236067977499781 1] face
[202 203 582 204 578 401] [-1 -2.618033988749896 6.854101966249687 0] face
[584 457 440 255 583 461] [-1.6180339887498953 1 -2.6180339887498913 3.2360679774997854] face
[584 435 440 245 583 364] [-1 1 -1 2.236067977499787] face
[191 255 583 259 361 461] [-1 0 -2.618033988749885 3.6180339887498807] face
[190 246 359 245 583 364] [-1 1 -1 4.236067977499772] face
[190 192 359 191 583 361] [-1 0 -2.618033988749876 6.854101966249632] face
[586 443 438 249 585 447] [-1.6180339887498927 1 2.6180339887498887 3.236067977499783] face
[586 433 438 244 585 363] [-1 1 1 2.2360679774997885] face
[184 249 585 251 358 447] [-1 0 2.6180339887498856 3.6180339887498847] face
[183 246 356 244 585 363] [-1 1 1 4.2360679774997765] face
[183 185 356 184 585 358] [-1 0 2.618033988749877 6.854101966249637] face
[588 457 459 254 587 374] [-1 1 -2.236067977499787 1] face
[588 568 459 589 587 334] [-1.618033988749896 2.6180339887498927 -3.2360679774997907 1] face
[258 256 331 254 587 374] [-1 1 -4.236067977499771 1] face
[584 588 457 162 255 254] [-1 1.61803398874989 -3.2360679774997747 2.618033988749879] face
[590 589 587 312 328 334] [-1 2.6180339887498816 -3.6180339887498794 0] face
[258 332 331 590 587 328] [-1 2.6180339887498683 -6.8541019662496 0] face
[592 443 428 248 591 445] [-1 1 2.236067977499783 1] face
[592 424 428 238 591 324] [-1.6180339887498978 2.6180339887498927 3.2360679774997894 1] face
[172 250 321 248 591 445] [-1 1 4.236067977499764 1] face
[586 592 443 150 249 248] [-1 1.618033988749888 3.2360679774997716 2.618033988749879] face
[170 238 591 239 319 324] [-1 2.6180339887498794 3.618033988749875 0] face
[172 173 321 170 591 319] [-1 2.6180339887498643 6.8541019662496 0] face
[593 435 436 243 279 431] [-1.6180339887498916 3.2360679774997854 -1 2.61803398874989] face
[593 568 436 289 279 288] [-1 2.236067977499789 -1 1] face
[584 593 435 161 245 243] [-1 2.618033988749892 -1.6180339887498927 3.2360679774997814] face
[588 593 568 160 589 289] [-1 3.2360679774997854 -2.6180339887498887 1.618033988749894] face
[584 588 593 162 161 160] [-1 4.2360679774997605 -4.2360679774997525 4.23606797749975] face
[594 433 425 242 278 431] [-1.618033988749894 3.236067977499788 1 2.6180339887498927] face
[594 424 425 234 278 280] [-1 2.2360679774997907 1 1] face
[586 594 433 149 244 242] [-1 2.6180339887498896 1.6180339887498916 3.2360679774997814] face
[592 594 424 148 238 234] [-1 3.23606797749978 2.618033988749885 1.6180339887498913] face
[586 592 594 150 149 148] [-1 4.236067977499756 4.236067977499752 4.236067977499752] face
[139 242 278 243 279 431] [-1 3.618033988749893 0 2.618033988749892] face
[413 227 418 596 406 595] [0 -6.854101966249693 -2.618033988749896 -1] face
[231 227 418 215 572 595] [0 -6.854101966249693 -2.618033988749897 1] face
[392 597 405 596 406 595] [0 -3.6180339887499 -2.618033988749896 -1] face
[222 223 576 215 572 595] [0 -3.618033988749898 -2.6180339887498945 1] face
[369 223 576 597 405 595] [0 -1 -1 0] face
[411 600 384 599 396 598] [0 -1 0 -1] face
[391 601 395 599 396 598] [0 -2.618033988749897 -1 -3.618033988749898] face
[379 602 383 600 384 598] [0 -2.6180339887498945 1 -3.6180339887498953] face
[351 603 581 601 395 598] [0 -2.618033988749896 -1 -6.854101966249687] face
[340 603 581 602 383 598] [0 -2.618033988749896 1 -6.854101966249687] face
[389 606 354 605 372 604] [0 -1 -3.618033988749898 -2.618033988749898] face
[368 607 330 605 372 604] [0 -1 -6.854101966249701 -2.618033988749902] face
[350 608 327 606 354 604] [0 0 -1 -1] face
[332 607 330 609 325 604] [0 1 -6.854101966249665 -2.6180339887498913] face
[310 608 327 609 325 604] [0 1 -3.618033988749898 -2.618033988749896] face
[377 611 344 199 381 610] [0 -1 3.6180339887499 -2.618033988749898] face
[203 166 322 199 381 610] [0 -1 6.85410196624969 -2.618033988749898] face
[339 612 318 611 344 610] [0 0 1 -1] face
[173 166 322 174 316 610] [0 1 6.854101966249676 -2.6180339887498927] face
[300 612 318 174 316 610] [0 1 3.6180339887498953 -2.6180339887498945] face
[348 614 342 615 314 613] [0 2.618033988749904 -1 -6.854101966249701] face
[337 614 342 616 303 613] [0 2.618033988749898 1 -6.854101966249687] face
[309 615 314 617 295 613] [0 2.618033988749901 -1 -3.6180339887499] face
[299 616 303 618 293 613] [0 2.618033988749897 1 -3.6180339887498953] face
[285 618 293 617 295 613] [0 1 0 -1] face
[590 153 589 620 312 619] [0 1 -1 0] face
[307 620 312 621 291 619] [0 3.618033988749898 -2.618033988749892 -1] face
[160 153 589 134 289 619] [0 3.6180339887498856 -2.6180339887498847 1] face
[284 126 287 621 291 619] [0 6.854101966249708 -2.618033988749897 -1] face
[138 126 287 134 289 619] [0 6.854101966249687 -2.6180339887498887 1] face
[276 413 225 411 623 622] [1 -6.854101966249686 0 -2.618033988749892] face
[413 227 225 596 622 228] [1 -4.2360679774998005 -1 -1] face
[276 226 225 273 623 120] [1 -4.236067977499792 1 -1] face
[411 600 623 599 622 624] [1 -3.618033988749898 0 -2.618033988749896] face
[627 626 625 389 391 392] [1 -4.236067977499792 -4.236067977499789 -4.236067977499792] face
[626 625 628 392 597 596] [1 -3.2360679774997867 -2.6180339887498913 -1.6180339887498936] face
[627 625 629 391 601 599] [1 -2.618033988749894 -1.6180339887498947 -3.236067977499788] face
[627 626 630 389 606 605] [1 -1.6180339887498956 -3.2360679774997907 -2.618033988749896] face
[625 628 631 596 622 228] [1 -2.236067977499792 -1 -1] face
[625 629 631 599 622 624] [1.6180339887498927 -3.2360679774997854 -1 -2.618033988749892] face
[633 198 632 377 379 274] [1 -4.236067977499784 4.236067977499781 -4.236067977499781] face
[198 632 116 274 201 273] [1 -3.2360679774997894 2.6180339887498927 -1.6180339887498947] face
[633 632 634 379 602 600] [1 -2.618033988749896 1.6180339887498953 -3.2360679774997907] face
[633 198 200 377 611 199] [1 -1.6180339887498936 3.2360679774997854 -2.6180339887498927] face
[632 116 121 273 623 120] [1 -2.236067977499789 1 -1] face
[632 634 121 600 623 624] [1.6180339887498936 -3.236067977499788 1 -2.6180339887498927] face
[261 368 637 369 636 635] [1 -2.618033988749897 -6.854101966249687 0] face
[369 223 636 597 635 638] [1 -2.6180339887498945 -3.6180339887498913 0] face
[368 607 637 605 635 639] [1 -1 -4.236067977499789 -1] face
[261 257 637 220 636 96] [1 -1 -4.236067977499785 1] face
[626 628 640 597 635 638] [1.618033988749894 -2.6180339887498927 -3.2360679774997854 -1] face
[626 630 640 605 635 639] [1 -1 -2.236067977499789 -1] face
[218 216 90 223 636 638] [1.618033988749896 -2.618033988749897 -3.2360679774997907 1] face
[218 97 90 220 636 96] [1 -1 -2.236067977499787 1] face
[348 351 642 350 643 641] [1 0 -2.618033988749892 -6.854101966249676] face
[351 603 642 601 641 644] [1 -1 -1 -4.236067977499785] face
[350 608 643 606 641 645] [1 0 -2.618033988749892 -3.6180339887498913] face
[348 614 642 615 643 646] [1 1 -1 -4.236067977499784] face
[627 629 647 601 641 644] [1 -1 -1 -2.236067977499789] face
[627 630 647 606 641 645] [1.6180339887498953 -1 -2.618033988749893 -3.2360679774997894] face
[337 340 649 339 650 648] [1 0 2.6180339887498882 -6.854101966249665] face
[340 603 649 602 648 651] [1 -1 1 -4.236067977499784] face
[339 612 650 611 648 652] [1 0 2.61803398874989 -3.6180339887498882] face
[337 614 649 616 650 653] [1 1 1 -4.236067977499787] face
[633 634 654 602 648 651] [1 -1 1 -2.236067977499788] face
[633 200 654 611 648 652] [1.6180339887498947 -1 2.618033988749892 -3.2360679774997854] face
[603 649 642 651 644 655] [2.618033988749897 -1 0 -6.85410196624968] face
[614 649 642 653 646 655] [2.618033988749901 1 0 -6.854101966249689] face
[258 332 656 590 152 657] [1 2.618033988749885 -6.854101966249648 0] face
[332 607 656 609 657 658] [1 1 -4.236067977499781 -1] face
[258 257 656 155 152 93] [1 1 -4.2360679774997765 1] face
[590 153 152 620 657 154] [1 2.618033988749885 -3.618033988749876 0] face
[607 656 637 658 639 83] [2.6180339887498985 0 -6.85410196624968 -1] face
[257 656 637 93 96 83] [2.6180339887498945 0 -6.854101966249668 1] face
[659 660 661 310 309 307] [1 4.236067977499759 -4.2360679774997525 -4.236067977499755] face
[659 660 662 310 608 609] [1 1.6180339887498885 -3.2360679774997787 -2.618033988749885] face
[659 661 663 309 615 617] [1 2.618033988749886 -1.6180339887498858 -3.236067977499777] face
[660 661 664 307 620 621] [1 3.236067977499777 -2.6180339887498807 -1.6180339887498867] face
[659 662 665 608 643 645] [1.618033988749903 1 -2.6180339887498985 -3.2360679774997965] face
[659 663 665 615 643 646] [1 1 -1 -2.2360679774997823] face
[660 662 666 609 657 658] [1 1 -2.236067977499784 -1] face
[660 664 666 620 657 154] [1.6180339887499084 2.618033988749908 -3.236067977499801 -1] face
[667 668 669 300 299 240] [1 4.236067977499761 4.236067977499756 -4.2360679774997605] face
[667 668 670 300 612 174] [1 1.6180339887498885 3.2360679774997787 -2.618033988749885] face
[667 669 671 299 616 618] [1 2.6180339887498887 1.6180339887498878 -3.236067977499781] face
[668 669 34 240 171 236] [1 3.2360679774997787 2.618033988749882 -1.6180339887498867] face
[667 670 672 612 650 652] [1.618033988749903 1 2.6180339887498985 -3.2360679774997965] face
[667 671 672 616 650 653] [1 1 1 -2.2360679774997854] face
[668 670 29 174 169 167] [1 1 2.2360679774997814 -1] face
[668 34 29 171 169 35] [1.6180339887499071 2.6180339887499056 3.236067977499801 -1] face
[237 284 123 285 674 673] [1 6.85410196624965 0 -2.618033988749878] face
[285 618 674 617 673 675] [1 3.618033988749886 0 -2.6180339887498896] face
[284 126 123 621 673 127] [1 4.236067977499784 -1 -1] face
[237 124 123 236 674 32] [1 4.2360679774997765 1 -1] face
[661 663 676 617 673 675] [1.6180339887498991 3.236067977499787 -1 -2.618033988749896] face
[661 664 676 621 673 127] [1 2.2360679774997823 -1 -1] face
[669 671 23 618 674 675] [1.618033988749896 3.236067977499783 1 -2.6180339887498927] face
[669 34 23 236 674 32] [1 2.2360679774997823 1 -1] face
[677 100 112 217 228 111] [2.6180339887498927 -3.6180339887498913 -1 0] face
[678 628 631 677 112 228] [2.618033988749896 -3.2360679774997907 -1.6180339887498956 -1] face
[87 216 103 677 100 217] [2.6180339887498927 -3.2360679774997894 -1.6180339887498947 1] face
[678 628 640 677 80 638] [4.236067977499781 -4.236067977499784 -4.236067977499781 -1] face
[87 216 90 677 80 638] [4.236067977499788 -4.236067977499792 -4.236067977499792 1] face
[629 631 681 624 679 680] [4.236067977499784 -4.236067977499784 -1 -4.236067977499784] face
[634 121 682 624 679 680] [4.236067977499788 -4.236067977499785 1 -4.236067977499785] face
[629 647 681 644 679 683] [2.6180339887498945 -1.618033988749894 -1 -3.236067977499788] face
[634 654 682 651 679 684] [2.618033988749892 -1.6180339887498936 1 -3.236067977499787] face
[651 644 679 655 684 683] [2.618033988749897 -1 0 -3.618033988749898] face
[678 631 681 112 685 680] [3.2360679774997907 -2.618033988749894 -1 -1.6180339887498947] face
[117 121 682 110 686 680] [3.2360679774997854 -2.6180339887498927 1 -1.6180339887498927] face
[101 110 686 112 685 680] [3.618033988749897 -2.618033988749896 0 -1] face
[630 640 688 639 687 77] [2.618033988749897 -1 -3.2360679774997894 -1.6180339887498956] face
[630 647 688 645 687 689] [4.236067977499792 -1 -4.236067977499789 -4.236067977499792] face
[658 639 687 83 84 77] [2.618033988749897 0 -3.618033988749898 -1] face
[662 665 690 645 687 689] [4.236067977499792 1 -4.236067977499792 -4.236067977499794] face
[662 666 690 658 687 84] [2.618033988749894 1 -3.2360679774997894 -1.6180339887498927] face
[678 640 688 80 81 77] [3.236067977499788 -1.6180339887498947 -2.6180339887498927 -1] face
[647 688 681 689 683 691] [3.2360679774997894 -1 -1.618033988749894 -2.6180339887498945] face
[678 688 681 81 685 691] [2.2360679774997907 -1 -1 -1] face
[200 118 693 168 692 59] [2.6180339887498927 -1 3.2360679774997854 -1.618033988749892] face
[200 654 693 652 692 694] [4.236067977499781 -1 4.236067977499779 -4.23606797749978] face
[167 168 692 63 26 59] [2.618033988749901 0 3.618033988749901 -1] face
[670 672 21 652 692 694] [4.236067977499789 1 4.236067977499785 -4.236067977499792] face
[670 29 21 167 692 26] [2.618033988749892 1 3.2360679774997854 -1.6180339887498913] face
[117 118 693 61 62 59] [3.2360679774997934 -1.6180339887498973 2.618033988749896 -1] face
[654 693 682 694 684 695] [3.236067977499788 -1 1.6180339887498927 -2.6180339887498927] face
[117 693 682 62 686 695] [2.236067977499787 -1 1 -1] face
[653 646 696 655 698 697] [2.618033988749898 1 0 -3.618033988749898] face
[663 665 699 646 696 697] [2.618033988749893 1.6180339887498927 -1 -3.236067977499788] face
[671 672 19 653 696 698] [2.618033988749896 1.618033988749894 1 -3.236067977499792] face
[663 676 699 675 696 9] [4.236067977499784 4.236067977499781 -1 -4.236067977499784] face
[671 23 19 675 696 9] [4.236067977499785 4.236067977499781 1 -4.236067977499784] face
[655 698 684 697 683 700] [1 0 0 -1] face
[665 690 699 689 697 701] [3.236067977499792 1 -1.618033988749897 -2.618033988749898] face
[689 697 683 701 691 700] [3.618033988749897 0 -1 -2.618033988749896] face
[672 21 19 694 698 22] [3.236067977499792 1 1.618033988749896 -2.618033988749898] face
[694 698 684 22 695 700] [3.618033988749898 0 1 -2.618033988749897] face
[704 664 666 702 703 154] [4.236067977499789 4.236067977499794 -4.236067977499796 -1] face
[705 135 94 702 703 154] [4.236067977499804 4.236067977499808 -4.236067977499809 1] face
[704 664 676 702 7 127] [2.61803398874989 3.2360679774997867 -1.6180339887498947 -1] face
[705 135 55 702 2 125] [2.6180339887498945 3.236067977499791 -1.6180339887498985 1] face
[702 2 7 125 127 11] [2.61803398874989 3.6180339887498913 -1 0] face
[704 666 690 703 706 84] [3.2360679774997894 1.6180339887498956 -2.618033988749897 -1] face
[705 94 49 703 707 82] [3.236067977499791 1.6180339887498973 -2.6180339887499002 1] face
[703 707 706 82 84 78] [3.618033988749893 1 -2.618033988749896 0] face
[704 676 699 7 10 9] [3.2360679774997814 2.6180339887498887 -1 -1.6180339887498916] face
[704 690 699 706 10 701] [2.236067977499789 1 -1 -1] face
[705 55 47 2 5 4] [3.2360679774997787 2.6180339887498874 -1 1.6180339887498894] face
[705 49 47 707 5 44] [2.2360679774997867 1 -1 1] face
[709 708 710 101 686 685] [6.854101966249693 -2.618033988749896 0 -1] face
[709 708 711 101 67 88] [6.854101966249689 -2.618033988749898 0 1] face
[708 712 710 81 685 691] [4.236067977499792 -1 -1 -1] face
[708 713 711 79 88 46] [4.236067977499787 -1 -1 1] face
[708 713 712 79 81 78] [6.854101966249687 -1 -2.6180339887498945 0] face
[709 714 710 62 686 695] [4.236067977499784 -1 1 -1] face
[709 715 711 60 67 40] [4.236067977499792 -1 1 1] face
[709 715 714 60 62 27] [6.854101966249672 -1 2.6180339887498905 0] face
[712 716 710 701 691 700] [6.854101966249689 0 -1 -2.618033988749896] face
[714 716 710 22 695 700] [6.854101966249695 0 1 -2.618033988749897] face
[713 717 711 44 46 38] [6.854101966249701 0 -1 2.618033988749898] face
[715 717 711 16 40 38] [6.854101966249698 0 1 2.618033988749898] face
[718 713 712 707 706 78] [6.854101966249693 1 -2.618033988749896 0] face
[718 712 716 706 10 701] [4.236067977499792 1 -1 -1] face
[718 713 717 707 5 44] [4.236067977499792 1 -1 1] face
[719 715 714 14 20 27] [6.854101966249689 1 2.6180339887498945 0] face
[719 714 716 20 8 22] [4.236067977499792 1 1 -1] face
[719 715 717 14 3 16] [4.236067977499792 1 1 1] face
[719 718 716 0 8 10] [6.8541019662497025 2.6180339887499 0 -1] face
[719 718 717 0 3 5] [6.854101966249718 2.618033988749902 0 1] face
]
shape [0.5 0.5 0.5 0.5] translate [0.5 0.5 0.5 0.5] aligncenter "the600cell" def

