[
[-1.6180339887498947 0 -1]
[-1.6180339887498947 0 1]
[-1 -1.6180339887498947 0]
[-1 1.6180339887498947 0]
[0 -1 -1.6180339887498947]
[0 -1 1.6180339887498947]
[1 -1.6180339887498947 0]
[1 1.6180339887498947 0]
[1.6180339887498947 0 -1]
[1.6180339887498947 0 1]
][
0 1 edge
0 2 edge
0 3 edge
0 4 edge
1 2 edge
1 3 edge
1 5 edge
2 4 edge
2 5 edge
2 6 edge
3 7 edge
4 6 edge
4 8 edge
5 6 edge
5 9 edge
6 8 edge
6 9 edge
7 8 edge
7 9 edge
8 9 edge
][
[0 1 4] [-2.618033988749896 -1 0] face
[0 2 5] [-2.6180339887498927 1 0] face
[1 3 7] [-1 -1 -1] face
[2 3 10 12 17] [0 1 -1.6180339887498936] face
[4 6 8] [-1 -1 1] face
[5 6 10 14 18] [0 1 1.6180339887498936] face
[7 9 11] [0 -2.618033988749897 -1] face
[8 9 13] [0 -2.618033988749897 1] face
[11 12 15] [1 -1 -1] face
[13 14 16] [1 -1 1] face
[15 16 19] [2.618033988749894 -1 0] face
[17 18 19] [2.6180339887498927 1 0] face
]
shape [0.5 0.5 0.5] translate [0.5 0.5 0.5] aligncenter "J62" def

