[
[0 1 1.6180339887498947]
[0 1 -1.6180339887498947]
[0 -1 -1.6180339887498947]
[1 1.6180339887498947 0]
[1 -1.6180339887498947 0]
[-1 -1.6180339887498947 0]
[1.6180339887498947 0 1]
[-1.6180339887498947 0 1]
[-1.6180339887498947 0 -1]
][
0 3 edge
0 6 edge
0 7 edge
1 2 edge
1 3 edge
1 8 edge
2 4 edge
2 5 edge
2 8 edge
3 6 edge
4 5 edge
4 6 edge
5 7 edge
5 8 edge
7 8 edge
][
[0 1 9] [1 1 1] face
[0 2 4 5 14] [-1 1.6180339887498953 0] face
[1 2 10 11 12] [0 -1 1.6180339887498953] face
[3 4 6 9 11] [1.6180339887498916 0 -1] face
[3 5 8] [-1 0 -2.618033988749896] face
[6 7 10] [0 -2.618033988749892 -1] face
[7 8 13] [-1 -1 -1] face
[12 13 14] [-2.618033988749896 -1 0] face
]
shape [0.5 0.5 0.5] translate [0.5 0.5 0.5] aligncenter "J63" def

