[
[-1.6180339887498947 -1 -1]
[-1.6180339887498947 -1 1]
[-1.6180339887498947 1 -1]
[-1.6180339887498947 1 1]
[-1 0 -2.6180339887498945]
[-1 0 2.6180339887498945]
[0 -1.6180339887498947 0]
[0 1.6180339887498947 0]
[1 0 -2.6180339887498945]
[1 0 2.6180339887498945]
[1.6180339887498947 -1 -1]
[1.6180339887498947 -1 1]
[1.6180339887498947 1 -1]
[1.6180339887498947 1 1]
][
0 1 edge
0 2 edge
0 4 edge
0 6 edge
1 3 edge
1 5 edge
1 6 edge
2 3 edge
2 4 edge
2 7 edge
3 5 edge
3 7 edge
4 8 edge
5 9 edge
6 10 edge
6 11 edge
7 12 edge
7 13 edge
8 10 edge
8 12 edge
9 11 edge
9 13 edge
10 11 edge
10 12 edge
11 13 edge
12 13 edge
][
[0 1 4 7] [-1 0 0] face
[0 3 6] [-1 -2.618033988749897 0] face
[1 2 8] [-2.6180339887498945 0 -1] face
[2 3 12 14 18] [0 -1.6180339887498953 -1] face
[4 5 10] [-2.6180339887498913 0 1] face
[5 6 13 15 20] [0 -1.618033988749894 1] face
[7 9 11] [-1 2.618033988749897 0] face
[8 9 12 16 19] [0 1.6180339887498947 -1] face
[10 11 13 17 21] [0 1.6180339887498936 1] face
[14 15 22] [1 -2.618033988749896 0] face
[16 17 25] [1 2.6180339887498945 0] face
[18 19 23] [2.6180339887498945 0 -1] face
[20 21 24] [2.618033988749892 0 1] face
[22 23 24 25] [1 0 0] face
]
shape [0.5 0.5 0.5] translate [0.5 0.5 0.5] aligncenter "J91" def

