[
[-2.6180339887498945 -0.35682208977309005 1.8683447179254318]
[-2.6180339887498945 1.5115226281523417 1.1547005383792515]
[-2 0 0]
[-1.6180339887498947 -2.0888728973419677 1.8683447179254318]
[-1 -1.7320508075688772 0]
[-1 -0.5773502691896257 3.0230452563046835]
[-1 1.7320508075688772 0]
[-1 2.445694987115057 1.8683447179254318]
[0 -3.0230452563046835 1.1547005383792515]
[0 1.1547005383792515 3.0230452563046835]
[1 -1.7320508075688772 0]
[1 -0.5773502691896257 3.0230452563046835]
[1 1.7320508075688772 0]
[1 2.445694987115057 1.8683447179254318]
[1.6180339887498947 -2.0888728973419677 1.8683447179254318]
[2 0 0]
[2.6180339887498945 -0.35682208977309005 1.8683447179254318]
[2.6180339887498945 1.5115226281523417 1.1547005383792515]
][
0 1 edge
0 2 edge
0 3 edge
0 5 edge
1 2 edge
1 6 edge
1 7 edge
2 4 edge
2 6 edge
3 4 edge
3 5 edge
3 8 edge
4 8 edge
4 10 edge
5 9 edge
5 11 edge
6 7 edge
6 12 edge
7 9 edge
7 13 edge
8 10 edge
8 14 edge
9 11 edge
9 13 edge
10 14 edge
10 15 edge
11 14 edge
11 16 edge
12 13 edge
12 15 edge
12 17 edge
13 17 edge
14 16 edge
15 16 edge
15 17 edge
16 17 edge
][
[0 1 4] [-7.337084961345171 -1 -2.618033988749896] face
[0 3 6 14 18] [-1.7320508075688739 1 2.6180339887498945] face
[1 2 7 9] [-2.267283942228512 -1.309016994374948 -1] face
[2 3 10] [-1.7320508075688743 -1 2.236067977499788] face
[4 5 8] [-1.7320508075688725 1 -2.2360679774997876] face
[5 6 16] [-1.0704662693192628 2.618033988749892 -1] face
[7 8 13 17 25 29] [0 0 -1] face
[9 11 12] [-1.7320508075688767 -2.236067977499787 -1] face
[10 11 15 21 26] [0 -1 1.3090169943749472] face
[12 13 20] [0 -1 -1.1180339887498956] face
[14 15 22] [0 0 1] face
[16 17 19 28] [0 2.618033988749892 -1] face
[18 19 23] [0 1 1.1180339887498967] face
[20 21 24] [1.7320508075688774 -2.236067977499791 -1] face
[22 23 27 31 35] [1.7320508075688774 1 2.618033988749896] face
[24 25 32 33] [2.2672839422285085 -1.309016994374947 -1] face
[26 27 32] [1.7320508075688765 -1 2.2360679774997894] face
[28 30 31] [1.0704662693192686 2.618033988749892 -1] face
[29 30 34] [1.7320508075688794 1 -2.236067977499799] face
[33 34 35] [7.337084961345184 -1 -2.6180339887499025] face
]
shape [0.5 0.5 0.5] translate [0.5 0.5 0.5] aligncenter "J92" def

