[
[1.4142135623730954 0 -0.28284271247461906]
[-1.4142135623730954 0 -0.28284271247461906]
[0 1.4142135623730954 -0.28284271247461906]
[0 -1.4142135623730954 -0.28284271247461906]
[0 0 1.131370849898476]
][
0 2 edge
0 3 edge
0 4 edge
1 2 edge
1 3 edge
1 4 edge
2 4 edge
3 4 edge
][
[0 1 3 4] [0 0 -3.535533905932739] face
[0 2 6] [1 1 1] face
[1 2 7] [1 -1 1] face
[3 5 6] [-1 1 1] face
[4 5 7] [-1 -1 1] face
]
shape [0.5 0.5 0.5] translate [0.5 0.5 0.5] aligncenter "J01" def

