[
[1.7013016167040798 0 -0.17524370403971123]
[0.5257311121191337 1.6180339887498947 -0.17524370403971123]
[0.5257311121191337 -1.6180339887498947 -0.17524370403971123]
[-1.3763819204711736 1 -0.17524370403971123]
[-1.3763819204711736 -1 -0.17524370403971123]
[0 0 0.876218520198556]
][
0 1 edge
0 2 edge
0 5 edge
1 3 edge
1 5 edge
2 4 edge
2 5 edge
3 4 edge
3 5 edge
4 5 edge
][
[0 1 3 5 7] [0 0 -5.706339097770918] face
[0 2 4] [1.3763819204711742 1 2.2270327288232155] face
[1 2 6] [1.3763819204711731 -1 2.2270327288232137] face
[3 4 8] [-1 3.077683537175254 4.236067977499792] face
[5 6 9] [-1 -3.077683537175254 4.236067977499792] face
[7 8 9] [-1 0 1.3090169943749472] face
]
shape [0.5 0.5 0.5] translate [0.5 0.5 0.5] aligncenter "J02" def

