[
[-2 0 0]
[-1 -1.7320508075688772 0]
[-1 -0.5773502691896257 1.632993161855452]
[-1 1.7320508075688772 0]
[0 1.1547005383792515 1.632993161855452]
[1 -1.7320508075688772 0]
[1 -0.5773502691896257 1.632993161855452]
[1 1.7320508075688772 0]
[2 0 0]
][
0 1 edge
0 2 edge
0 3 edge
1 2 edge
1 5 edge
2 4 edge
2 6 edge
3 4 edge
3 7 edge
4 6 edge
4 7 edge
5 6 edge
5 8 edge
6 8 edge
7 8 edge
][
[0 1 3] [-2.4494897427831783 -1.4142135623730954 1] face
[0 2 4 8 12 14] [0 0 -1] face
[1 2 5 7] [-1.7320508075688767 1 1.4142135623730945] face
[3 4 6 11] [0 -1.4142135623730954 1] face
[5 6 9] [0 0 1] face
[7 8 10] [0 2.8284271247461907 1] face
[9 10 13 14] [1.7320508075688774 1 1.4142135623730945] face
[11 12 13] [2.4494897427831783 -1.414213562373094 1] face
]
shape [0.5 0.5 0.5] translate [0.5 0.5 0.5] aligncenter "J03" def

