[
[-2.414213562373095 -1 -0.47140452079103173]
[-2.414213562373095 1 -0.47140452079103173]
[-1 -2.414213562373095 -0.47140452079103173]
[-1 -1 0.9428090415820635]
[-1 1 0.9428090415820635]
[-1 2.414213562373095 -0.47140452079103173]
[1 -2.414213562373095 -0.47140452079103173]
[1 -1 0.9428090415820635]
[1 1 0.9428090415820635]
[1 2.414213562373095 -0.47140452079103173]
[2.414213562373095 -1 -0.47140452079103173]
[2.414213562373095 1 -0.47140452079103173]
][
0 1 edge
0 2 edge
0 3 edge
1 4 edge
1 5 edge
2 3 edge
2 6 edge
3 4 edge
3 7 edge
4 5 edge
4 8 edge
5 9 edge
6 7 edge
6 10 edge
7 8 edge
7 10 edge
8 9 edge
8 11 edge
9 11 edge
10 11 edge
][
[0 2 3 7] [-1 0 1] face
[0 1 4 6 11 13 18 19] [0 0 -2.121320343559642] face
[1 2 5] [-1 -1 1] face
[3 4 9] [-1 1 1] face
[5 6 8 12] [0 -1 1] face
[7 8 10 14] [0 0 1.0606601717798207] face
[9 10 11 16] [0 1 1] face
[12 13 15] [1 -1 1] face
[14 15 17 19] [1 0 1] face
[16 17 18] [1 1 1] face
]
shape [0.5 0.5 0.5] translate [0.5 0.5 0.5] aligncenter "J04" def

