[
[-3.2360679774997894 0 0]
[-2.6180339887498945 -1.9021130325903075 0]
[-2.6180339887498945 1.9021130325903075 0]
[-1.6180339887498947 0.5257311121191337 1.0514622242382672]
[-1 -3.0776835371752527 0]
[-1 -1.3763819204711736 1.0514622242382672]
[-1 3.0776835371752527 0]
[0 1.7013016167040798 1.0514622242382672]
[1 -3.0776835371752527 0]
[1 -1.3763819204711736 1.0514622242382672]
[1 3.0776835371752527 0]
[1.6180339887498947 0.5257311121191337 1.0514622242382672]
[2.6180339887498945 -1.9021130325903075 0]
[2.6180339887498945 1.9021130325903075 0]
[3.2360679774997894 0 0]
][
0 1 edge
0 2 edge
0 3 edge
1 4 edge
1 5 edge
2 3 edge
2 6 edge
3 5 edge
3 7 edge
4 5 edge
4 8 edge
5 9 edge
6 7 edge
6 10 edge
7 10 edge
7 11 edge
8 9 edge
8 12 edge
9 11 edge
9 12 edge
10 13 edge
11 13 edge
11 14 edge
12 14 edge
13 14 edge
][
[0 2 4 7] [-3.0776835371752527 -1 5.236067977499789] face
[0 1 3 6 10 13 17 20 23 24] [0 0 -1] face
[1 2 5] [-3.0776835371752482 1 4.236067977499781] face
[3 4 9] [-1 -1.376381920471173 2.2270327288232137] face
[5 6 8 12] [-1 1.37638192047117 2.7527638409423387] face
[7 8 11 15 18] [0 0 1] face
[9 10 11 16] [0 -1 1.6180339887498947] face
[12 13 14] [0 1 1.3090169943749443] face
[14 15 20 21] [1 1.3763819204711694 2.7527638409423374] face
[16 17 19] [1 -1.3763819204711742 2.227032728823214] face
[18 19 22 23] [3.077683537175258 -1 5.236067977499794] face
[21 22 24] [3.0776835371752482 1 4.236067977499781] face
]
shape [0.5 0.5 0.5] translate [0.5 0.5 0.5] aligncenter "J05" def

