[
[-3.2360679774997894 0 0]
[-2.6180339887498945 -1.9021130325903075 0]
[-2.6180339887498945 0.85065080835204 1.7013016167040798]
[-2.6180339887498945 1.9021130325903075 0]
[-1.6180339887498947 -2.2270327288232137 1.7013016167040798]
[-1.6180339887498947 -0.5257311121191337 2.752763840942347]
[-1 -3.0776835371752527 0]
[-1 1.3763819204711736 2.752763840942347]
[-1 3.0776835371752527 0]
[0 -1.7013016167040798 2.752763840942347]
[0 2.752763840942347 1.7013016167040798]
[1 -3.0776835371752527 0]
[1 1.3763819204711736 2.752763840942347]
[1 3.0776835371752527 0]
[1.6180339887498947 -2.2270327288232137 1.7013016167040798]
[1.6180339887498947 -0.5257311121191337 2.752763840942347]
[2.6180339887498945 -1.9021130325903075 0]
[2.6180339887498945 0.85065080835204 1.7013016167040798]
[2.6180339887498945 1.9021130325903075 0]
[3.2360679774997894 0 0]
][
0 1 edge
0 2 edge
0 3 edge
1 4 edge
1 6 edge
2 3 edge
2 5 edge
2 7 edge
3 8 edge
4 5 edge
4 6 edge
4 9 edge
5 7 edge
5 9 edge
6 11 edge
7 10 edge
7 12 edge
8 10 edge
8 13 edge
9 14 edge
9 15 edge
10 12 edge
10 13 edge
11 14 edge
11 16 edge
12 15 edge
12 17 edge
13 18 edge
14 15 edge
14 16 edge
15 17 edge
16 19 edge
17 18 edge
17 19 edge
18 19 edge
][
[0 1 3 6 9] [-3.0776835371752527 -1 1.6180339887498947] face
[0 2 4 8 14 18 24 27 31 34] [0 0 -1] face
[1 2 5] [-4.979796569765548 1.6180339887498913 1] face
[3 4 10] [-3.0776835371752482 -4.236067977499781 1] face
[5 7 8 15 17] [-1.1755705045849454 1.6180339887498916 1] face
[6 7 12] [-3.0776835371752522 1 4.236067977499788] face
[9 11 13] [-1 -1.3763819204711711 2.227032728823209] face
[10 11 14 19 23] [0 -2 1] face
[12 13 16 20 25] [0 0 1] face
[15 16 21] [0 1 1.3090169943749486] face
[17 18 22] [0 5.236067977499792 1] face
[19 20 28] [1 -1.3763819204711742 2.2270327288232155] face
[21 22 26 27 32] [1.1755705045849474 1.618033988749894 1] face
[23 24 29] [3.077683537175269 -4.236067977499802 1] face
[25 26 30] [3.0776835371752527 1 4.236067977499781] face
[28 29 30 31 33] [3.0776835371752567 -1 1.618033988749896] face
[32 33 34] [4.9797965697655515 1.6180339887498936 1] face
]
shape [0.5 0.5 0.5] translate [0.5 0.5 0.5] aligncenter "J06" def

