[
[-3.0776835371752527 -1 0]
[-3.0776835371752527 1 0]
[-2.2270327288232137 -1.6180339887498947 1.7013016167040798]
[-2.2270327288232137 1.6180339887498947 1.7013016167040798]
[-1.9021130325903075 -2.6180339887498945 0]
[-1.9021130325903075 2.6180339887498945 0]
[-1.7013016167040798 0 -1.0514622242382672]
[-1.7013016167040798 0 2.752763840942347]
[-0.5257311121191337 -1.6180339887498947 -1.0514622242382672]
[-0.5257311121191337 -1.6180339887498947 2.752763840942347]
[-0.5257311121191337 1.6180339887498947 -1.0514622242382672]
[-0.5257311121191337 1.6180339887498947 2.752763840942347]
[0 -3.2360679774997894 0]
[0 3.2360679774997894 0]
[0.85065080835204 -2.6180339887498945 1.7013016167040798]
[0.85065080835204 2.6180339887498945 1.7013016167040798]
[1.3763819204711736 -1 -1.0514622242382672]
[1.3763819204711736 -1 2.752763840942347]
[1.3763819204711736 1 -1.0514622242382672]
[1.3763819204711736 1 2.752763840942347]
[1.9021130325903075 -2.6180339887498945 0]
[1.9021130325903075 2.6180339887498945 0]
[2.752763840942347 0 1.7013016167040798]
[3.0776835371752527 -1 0]
[3.0776835371752527 1 0]
][
0 1 edge
0 2 edge
0 4 edge
0 6 edge
1 3 edge
1 5 edge
1 6 edge
2 4 edge
2 7 edge
2 9 edge
3 5 edge
3 7 edge
3 11 edge
4 8 edge
4 12 edge
5 10 edge
5 13 edge
6 8 edge
6 10 edge
7 9 edge
7 11 edge
8 12 edge
8 16 edge
9 14 edge
9 17 edge
10 13 edge
10 18 edge
11 15 edge
11 19 edge
12 14 edge
12 20 edge
13 15 edge
13 21 edge
14 17 edge
14 20 edge
15 19 edge
15 21 edge
16 18 edge
16 20 edge
16 23 edge
17 19 edge
17 22 edge
18 21 edge
18 24 edge
19 22 edge
20 23 edge
21 24 edge
22 23 edge
22 24 edge
23 24 edge
][
[0 3 6] [-1 0 -1.309016994374949] face
[0 1 4 8 11] [-2 0 1] face
[1 2 7] [-4.236067977499792 -3.0776835371752553 1] face
[2 3 13 17] [-1.3763819204711731 -1 -2.7527638409423485] face
[4 5 10] [-4.236067977499777 3.077683537175248 1] face
[5 6 15 18] [-1.3763819204711727 1 -2.7527638409423507] face
[7 9 14 23 29] [-1 -3.0776835371752527 1.618033988749894] face
[8 9 19] [-1.3763819204711731 -1 2.227032728823213] face
[10 12 16 27 31] [-1 3.077683537175255 1.618033988749896] face
[11 12 20] [-1.376381920471173 1 2.2270327288232123] face
[13 14 21] [-1 -3.0776835371752576 -4.236067977499801] face
[15 16 25] [-1 3.0776835371752647 -4.2360679774998085] face
[17 18 22 26 37] [0 0 -1] face
[19 20 24 28 40] [0 0 1] face
[21 22 30 38] [1 -3.0776835371752633 -5.23606797749981] face
[23 24 33] [1 -3.077683537175254 4.236067977499789] face
[25 26 32 42] [1 3.0776835371752607 -5.236067977499808] face
[27 28 35] [1 3.077683537175255 4.236067977499792] face
[29 30 34] [1.6180339887499016 -4.979796569765582 1] face
[31 32 36] [1.618033988749903 4.979796569765574 1] face
[33 34 41 45 47] [1.6180339887498978 -1.1755705045849458 1] face
[35 36 44 46 48] [1.618033988749897 1.1755705045849454 1] face
[37 39 43 49] [1 0 -1.618033988749894] face
[38 39 45] [1.3763819204711742 -1 -2.2270327288232155] face
[40 41 44] [1 0 1.309016994374948] face
[42 43 46] [1.3763819204711742 1 -2.227032728823215] face
[47 48 49] [5.236067977499764 0 1] face
]
shape [0.5 0.5 0.5] translate [0.5 0.5 0.5] aligncenter "J32" def

