[
[-3.0776835371752527 -1 0]
[-3.0776835371752527 1 0]
[-2.2270327288232137 -1.6180339887498947 1.7013016167040798]
[-2.2270327288232137 1.6180339887498947 1.7013016167040798]
[-1.9021130325903075 -2.6180339887498945 0]
[-1.9021130325903075 2.6180339887498945 0]
[-1.7013016167040798 0 2.752763840942347]
[-1.3763819204711736 -1 -1.0514622242382672]
[-1.3763819204711736 1 -1.0514622242382672]
[-0.5257311121191337 -1.6180339887498947 2.752763840942347]
[-0.5257311121191337 1.6180339887498947 2.752763840942347]
[0 -3.2360679774997894 0]
[0 3.2360679774997894 0]
[0.5257311121191337 -1.6180339887498947 -1.0514622242382672]
[0.5257311121191337 1.6180339887498947 -1.0514622242382672]
[0.85065080835204 -2.6180339887498945 1.7013016167040798]
[0.85065080835204 2.6180339887498945 1.7013016167040798]
[1.3763819204711736 -1 2.752763840942347]
[1.3763819204711736 1 2.752763840942347]
[1.7013016167040798 0 -1.0514622242382672]
[1.9021130325903075 -2.6180339887498945 0]
[1.9021130325903075 2.6180339887498945 0]
[2.752763840942347 0 1.7013016167040798]
[3.0776835371752527 -1 0]
[3.0776835371752527 1 0]
][
0 1 edge
0 2 edge
0 4 edge
0 7 edge
1 3 edge
1 5 edge
1 8 edge
2 4 edge
2 6 edge
2 9 edge
3 5 edge
3 6 edge
3 10 edge
4 7 edge
4 11 edge
5 8 edge
5 12 edge
6 9 edge
6 10 edge
7 8 edge
7 13 edge
8 14 edge
9 15 edge
9 17 edge
10 16 edge
10 18 edge
11 13 edge
11 15 edge
11 20 edge
12 14 edge
12 16 edge
12 21 edge
13 19 edge
13 20 edge
14 19 edge
14 21 edge
15 17 edge
15 20 edge
16 18 edge
16 21 edge
17 18 edge
17 22 edge
18 22 edge
19 23 edge
19 24 edge
20 23 edge
21 24 edge
22 23 edge
22 24 edge
23 24 edge
][
[0 1 4 8 11] [-2 0 1] face
[0 3 6 19] [-1 0 -1.618033988749896] face
[1 2 7] [-4.236067977499792 -3.0776835371752553 1] face
[2 3 13] [-1.3763819204711731 -1 -2.227032728823214] face
[4 5 10] [-4.236067977499777 3.077683537175248 1] face
[5 6 15] [-1.376381920471173 1 -2.2270327288232163] face
[7 9 14 22 27] [-1 -3.0776835371752527 1.618033988749894] face
[8 9 17] [-1.3763819204711731 -1 2.227032728823213] face
[10 12 16 24 30] [-1 3.077683537175255 1.618033988749896] face
[11 12 18] [-1.376381920471173 1 2.2270327288232123] face
[13 14 20 26] [-1 -3.0776835371752593 -5.2360679774998005] face
[15 16 21 29] [-1 3.0776835371752647 -5.2360679774998165] face
[17 18 23 25 40] [0 0 1] face
[19 20 21 32 34] [0 0 -1] face
[22 23 36] [1 -3.0776835371752553 4.236067977499792] face
[24 25 38] [1 3.0776835371752522 4.236067977499792] face
[26 28 33] [1 -3.0776835371752522 -4.236067977499788] face
[27 28 37] [1.6180339887498953 -4.979796569765564 1] face
[29 31 35] [1 3.0776835371752522 -4.236067977499796] face
[30 31 39] [1.6180339887498953 4.9797965697655595 1] face
[32 33 43 45] [1.3763819204711731 -1 -2.7527638409423463] face
[34 35 44 46] [1.376381920471172 1 -2.7527638409423467] face
[36 37 41 45 47] [1.6180339887498947 -1.175570504584946 1] face
[38 39 42 46 48] [1.6180339887498953 1.1755705045849456 1] face
[40 41 42] [1 0 1.309016994374948] face
[43 44 49] [1 0 -1.3090169943749477] face
[47 48 49] [5.236067977499792 0 1] face
]
shape [0.5 0.5 0.5] translate [0.5 0.5 0.5] aligncenter "J33" def

