[
[-2.414213562373095 -1 -1]
[-2.414213562373095 -1 1]
[-2.414213562373095 1 -1]
[-2.414213562373095 1 1]
[-1 -2.414213562373095 -1]
[-1 -2.414213562373095 1]
[-1 -1 -2.414213562373095]
[-1 -1 2.414213562373095]
[-1 1 -2.414213562373095]
[-1 1 2.414213562373095]
[-1 2.414213562373095 -1]
[-1 2.414213562373095 1]
[1 -2.414213562373095 -1]
[1 -2.414213562373095 1]
[1 -1 -2.414213562373095]
[1 -1 2.414213562373095]
[1 1 -2.414213562373095]
[1 1 2.414213562373095]
[1 2.414213562373095 -1]
[1 2.414213562373095 1]
[2.414213562373095 -1.4142135623730954 0]
[2.414213562373095 0 -1.4142135623730954]
[2.414213562373095 0 1.4142135623730954]
[2.414213562373095 1.4142135623730954 0]
][
0 1 edge
0 2 edge
0 4 edge
0 6 edge
1 3 edge
1 5 edge
1 7 edge
2 3 edge
2 8 edge
2 10 edge
3 9 edge
3 11 edge
4 5 edge
4 6 edge
4 12 edge
5 7 edge
5 13 edge
6 8 edge
6 14 edge
7 9 edge
7 15 edge
8 10 edge
8 16 edge
9 11 edge
9 17 edge
10 11 edge
10 18 edge
11 19 edge
12 13 edge
12 14 edge
12 20 edge
13 15 edge
13 20 edge
14 16 edge
14 21 edge
15 17 edge
15 22 edge
16 18 edge
16 21 edge
17 19 edge
17 22 edge
18 19 edge
18 23 edge
19 23 edge
20 21 edge
20 22 edge
21 23 edge
22 23 edge
][
[0 1 4 7] [-1 0 0] face
[0 2 5 12] [-1 -1 0] face
[1 3 8 17] [-1 0 -1] face
[2 3 13] [-1 -1 -1] face
[4 6 10 19] [-1 0 1] face
[5 6 15] [-1 -1 1] face
[7 9 11 25] [-1 1 0] face
[8 9 21] [-1 1 -1] face
[10 11 23] [-1 1 1] face
[12 14 16 28] [0 -1 0] face
[13 14 18 29] [0 -1 -1] face
[15 16 20 31] [0 -1 1] face
[17 18 22 33] [0 0 -1] face
[19 20 24 35] [0 0 1] face
[21 22 26 37] [0 1 -1] face
[23 24 27 39] [0 1 1] face
[25 26 27 41] [0 1 0] face
[28 30 32] [1 -1.4142135623730956 0] face
[29 30 34 44] [1.414213562373094 -1 -1] face
[31 32 36 45] [1.4142135623730938 -1 1] face
[33 34 38] [1 0 -1.4142135623730947] face
[35 36 40] [1 0 1.4142135623730954] face
[37 38 42 46] [1.4142135623730958 1 -1] face
[39 40 43 47] [1.4142135623730958 1 1] face
[41 42 43] [1 1.4142135623730945 0] face
[44 45 46 47] [1 0 0] face
]
shape [0.5 0.5 0.5] translate [0.5 0.5 0.5] aligncenter "J37" def

