[
[-1 -1 -1]
[-1 -1 1]
[-1 1 -1]
[-1 1 1]
[1 -1 -1]
[1 -1 1]
[1 1 -1]
[1 1 1]
[0 -0.6180339887498949 -1.6180339887498947]
[0 -0.6180339887498949 1.6180339887498947]
[0 0.6180339887498949 -1.6180339887498947]
[0 0.6180339887498949 1.6180339887498947]
[-0.6180339887498949 -1.6180339887498947 0]
[-0.6180339887498949 1.6180339887498947 0]
[0.6180339887498949 -1.6180339887498947 0]
[0.6180339887498949 1.6180339887498947 0]
[-1.6180339887498947 0 -0.6180339887498949]
[-1.6180339887498947 0 0.6180339887498949]
[1.6180339887498947 0 -0.6180339887498949]
[1.6180339887498947 0 0.6180339887498949]
][
6 10 edge
4 8 edge
8 10 edge
4 18 edge
6 18 edge
2 10 edge
2 13 edge
13 15 edge
6 15 edge
0 8 edge
0 12 edge
12 14 edge
4 14 edge
0 16 edge
2 16 edge
16 17 edge
1 17 edge
1 12 edge
3 17 edge
3 13 edge
1 9 edge
3 11 edge
9 11 edge
5 9 edge
5 14 edge
7 11 edge
7 15 edge
5 19 edge
7 19 edge
18 19 edge
][
[1 3 0 4 2] [1 0 -1.6180339887498956] face
[5 6 0 8 7] [0 1.6180339887498956 -1] face
[9 10 1 12 11] [0 -1.618033988749894 -1] face
[9 13 5 14 2] [-1 0 -1.6180339887498956] face
[10 13 17 16 15] [-1.6180339887498947 -1 0] face
[6 14 19 18 15] [-1.6180339887498933 1 0] face
[20 16 21 18 22] [-1 0 1.6180339887498978] face
[20 17 23 24 11] [0 -1.6180339887498947 1] face
[21 19 25 26 7] [0 1.618033988749896 1] face
[23 27 25 28 22] [1 0 1.6180339887498982] face
[12 3 24 27 29] [1.6180339887498956 -1 0] face
[8 4 26 28 29] [1.6180339887498936 1 0] face
]
shape [0.5 0.5 0.5] translate [0.5 0.5 0.5] aligncenter "dodecahedron" def

