[
[0 -1 -1.6180339887498947]
[0 -1 1.6180339887498947]
[0 1 -1.6180339887498947]
[0 1 1.6180339887498947]
[-1 -1.6180339887498947 0]
[-1 1.6180339887498947 0]
[1 -1.6180339887498947 0]
[1 1.6180339887498947 0]
[-1.6180339887498947 0 -1]
[1.6180339887498947 0 -1]
[-1.6180339887498947 0 1]
[1.6180339887498947 0 1]
][
2 9 edge
2 7 edge
7 9 edge
0 9 edge
0 6 edge
6 9 edge
0 2 edge
4 6 edge
1 4 edge
1 6 edge
0 4 edge
2 8 edge
0 8 edge
5 8 edge
2 5 edge
4 8 edge
8 10 edge
5 10 edge
4 10 edge
1 10 edge
3 10 edge
3 5 edge
1 3 edge
5 7 edge
3 7 edge
1 11 edge
3 11 edge
6 11 edge
7 11 edge
9 11 edge
][
[1 0 2] [1 1 -1] face
[4 3 5] [1 -1 -1] face
[6 3 0] [1 0 -2.6180339887498945] face
[8 9 7] [0 -2.618033988749897 1] face
[10 4 7] [0 -2.618033988749897 -1] face
[6 12 11] [-1 0 -2.618033988749896] face
[14 11 13] [-1 1 -1] face
[10 12 15] [-1 -1 -1] face
[13 17 16] [-2.6180339887498927 1 0] face
[15 18 16] [-2.618033988749896 -1 0] face
[8 19 18] [-1 -1 1] face
[21 20 17] [-1 1 1] face
[22 19 20] [-1 0 2.618033988749896] face
[14 1 23] [0 2.618033988749896 -1] face
[21 24 23] [0 2.618033988749896 1] face
[22 25 26] [1 0 2.6180339887498945] face
[9 25 27] [1 -1 1] face
[24 26 28] [1 1 1] face
[5 27 29] [2.6180339887498945 -1 0] face
[2 28 29] [2.618033988749892 1 0] face
]
shape [0.5 0.5 0.5] translate [0.5 0.5 0.5] aligncenter "icosahedron" def

