[
[-1 -0.577350269189626 -0.408248290463863]
[1 -0.577350269189626 -0.408248290463863]
[0 1.15470053837925 -0.408248290463863]
[0 0 1.22474487139159]
][
0 1 edge
0 2 edge
1 2 edge
0 3 edge
1 3 edge
2 3 edge
][
[0 1 2] [0 0 -1.22474487139159] face
[0 3 4] [0 -1.15470053837925 0.408248290463863] face
[1 3 5] [-1 0.577350269189626 0.408248290463863] face
[2 4 5] [1 0.577350269189626 0.408248290463863] face
]
shape [0.5 0.5 0.5] translate [0.5 0.5 0.5] aligncenter "tetrahedron" def

