[
[1 1 1 1]
[1 1 1 -1]
[1 1 -1 1]
[1 1 -1 -1]
[1 -1 1 1]
[1 -1 1 -1]
[1 -1 -1 1]
[1 -1 -1 -1]
[-1 1 1 1]
[-1 1 1 -1]
[-1 1 -1 1]
[-1 1 -1 -1]
[-1 -1 1 1]
[-1 -1 1 -1]
[-1 -1 -1 1]
[-1 -1 -1 -1]
][
0 1 edge
2 3 edge
4 5 edge
6 7 edge
8 9 edge
10 11 edge
12 13 edge
14 15 edge
0 2 edge
1 3 edge
4 6 edge
5 7 edge
8 10 edge
9 11 edge
12 14 edge
13 15 edge
0 4 edge
1 5 edge
2 6 edge
3 7 edge
8 12 edge
9 13 edge
10 14 edge
11 15 edge
0 8 edge
1 9 edge
2 10 edge
3 11 edge
4 12 edge
5 13 edge
6 14 edge
7 15 edge
][
[0 8 16 9 17 1 18 19 2 10 11 3] [1 0 0 0] face
[4 12 20 13 21 5 22 23 6 14 15 7] [-1 0 0 0] face
[0 8 24 9 25 1 26 27 4 12 13 5] [0 1 0 0] face
[2 10 28 11 29 3 30 31 6 14 15 7] [0 -1 0 0] face
[0 16 24 17 25 2 28 29 4 20 21 6] [0 0 1 0] face
[1 18 26 19 27 3 30 31 5 22 23 7] [0 0 -1 0] face
[8 16 24 18 26 10 28 30 12 20 22 14] [0 0 0 1] face
[9 17 25 19 27 11 29 31 13 21 23 15] [0 0 0 -1] face
]
shape [0.5 0.5 0.5 0.5] translate [0.5 0.5 0.5 0.5] aligncenter "tesseract" def

