[
[2 2 0 0]
[2 -2 0 0]
[-2 2 0 0]
[-2 -2 0 0]
[0 0 2 2]
[0 0 2 -2]
[0 0 -2 2]
[0 0 -2 -2]
[0 2 0 2]
[0 2 0 -2]
[0 -2 0 2]
[0 -2 0 -2]
[0 2 2 0]
[0 2 -2 0]
[0 -2 2 0]
[0 -2 -2 0]
[2 0 0 2]
[2 0 0 -2]
[-2 0 0 2]
[-2 0 0 -2]
[2 0 2 0]
[2 0 -2 0]
[-2 0 2 0]
[-2 0 -2 0]
[2.2360679774997894 1 1 1]
[2.2360679774997894 1 1 -1]
[2.2360679774997894 1 -1 1]
[2.2360679774997894 1 -1 -1]
[2.2360679774997894 -1 1 1]
[2.2360679774997894 -1 1 -1]
[2.2360679774997894 -1 -1 1]
[2.2360679774997894 -1 -1 -1]
[-2.2360679774997894 1 1 1]
[-2.2360679774997894 1 1 -1]
[-2.2360679774997894 1 -1 1]
[-2.2360679774997894 1 -1 -1]
[-2.2360679774997894 -1 1 1]
[-2.2360679774997894 -1 1 -1]
[-2.2360679774997894 -1 -1 1]
[-2.2360679774997894 -1 -1 -1]
[1 1 1 2.2360679774997894]
[1 1 1 -2.2360679774997894]
[1 1 -1 2.2360679774997894]
[1 1 -1 -2.2360679774997894]
[1 -1 1 2.2360679774997894]
[1 -1 1 -2.2360679774997894]
[1 -1 -1 2.2360679774997894]
[1 -1 -1 -2.2360679774997894]
[-1 1 1 2.2360679774997894]
[-1 1 1 -2.2360679774997894]
[-1 1 -1 2.2360679774997894]
[-1 1 -1 -2.2360679774997894]
[-1 -1 1 2.2360679774997894]
[-1 -1 1 -2.2360679774997894]
[-1 -1 -1 2.2360679774997894]
[-1 -1 -1 -2.2360679774997894]
[1 1 2.2360679774997894 1]
[1 1 2.2360679774997894 -1]
[1 1 -2.2360679774997894 1]
[1 1 -2.2360679774997894 -1]
[1 -1 2.2360679774997894 1]
[1 -1 2.2360679774997894 -1]
[1 -1 -2.2360679774997894 1]
[1 -1 -2.2360679774997894 -1]
[-1 1 2.2360679774997894 1]
[-1 1 2.2360679774997894 -1]
[-1 1 -2.2360679774997894 1]
[-1 1 -2.2360679774997894 -1]
[-1 -1 2.2360679774997894 1]
[-1 -1 2.2360679774997894 -1]
[-1 -1 -2.2360679774997894 1]
[-1 -1 -2.2360679774997894 -1]
[1 2.2360679774997894 1 1]
[1 2.2360679774997894 1 -1]
[1 2.2360679774997894 -1 1]
[1 2.2360679774997894 -1 -1]
[1 -2.2360679774997894 1 1]
[1 -2.2360679774997894 1 -1]
[1 -2.2360679774997894 -1 1]
[1 -2.2360679774997894 -1 -1]
[-1 2.2360679774997894 1 1]
[-1 2.2360679774997894 1 -1]
[-1 2.2360679774997894 -1 1]
[-1 2.2360679774997894 -1 -1]
[-1 -2.2360679774997894 1 1]
[-1 -2.2360679774997894 1 -1]
[-1 -2.2360679774997894 -1 1]
[-1 -2.2360679774997894 -1 -1]
[1.6180339887498947 1.6180339887498947 1.6180339887498947 0.3819660112501053]
[1.6180339887498947 1.6180339887498947 1.6180339887498947 -0.3819660112501053]
[1.6180339887498947 1.6180339887498947 -1.6180339887498947 0.3819660112501053]
[1.6180339887498947 1.6180339887498947 -1.6180339887498947 -0.3819660112501053]
[1.6180339887498947 -1.6180339887498947 1.6180339887498947 0.3819660112501053]
[1.6180339887498947 -1.6180339887498947 1.6180339887498947 -0.3819660112501053]
[1.6180339887498947 -1.6180339887498947 -1.6180339887498947 0.3819660112501053]
[1.6180339887498947 -1.6180339887498947 -1.6180339887498947 -0.3819660112501053]
[-1.6180339887498947 1.6180339887498947 1.6180339887498947 0.3819660112501053]
[-1.6180339887498947 1.6180339887498947 1.6180339887498947 -0.3819660112501053]
[-1.6180339887498947 1.6180339887498947 -1.6180339887498947 0.3819660112501053]
[-1.6180339887498947 1.6180339887498947 -1.6180339887498947 -0.3819660112501053]
[-1.6180339887498947 -1.6180339887498947 1.6180339887498947 0.3819660112501053]
[-1.6180339887498947 -1.6180339887498947 1.6180339887498947 -0.3819660112501053]
[-1.6180339887498947 -1.6180339887498947 -1.6180339887498947 0.3819660112501053]
[-1.6180339887498947 -1.6180339887498947 -1.6180339887498947 -0.3819660112501053]
[0.3819660112501053 1.6180339887498947 1.6180339887498947 1.6180339887498947]
[0.3819660112501053 1.6180339887498947 1.6180339887498947 -1.6180339887498947]
[0.3819660112501053 1.6180339887498947 -1.6180339887498947 1.6180339887498947]
[0.3819660112501053 1.6180339887498947 -1.6180339887498947 -1.6180339887498947]
[0.3819660112501053 -1.6180339887498947 1.6180339887498947 1.6180339887498947]
[0.3819660112501053 -1.6180339887498947 1.6180339887498947 -1.6180339887498947]
[0.3819660112501053 -1.6180339887498947 -1.6180339887498947 1.6180339887498947]
[0.3819660112501053 -1.6180339887498947 -1.6180339887498947 -1.6180339887498947]
[-0.3819660112501053 1.6180339887498947 1.6180339887498947 1.6180339887498947]
[-0.3819660112501053 1.6180339887498947 1.6180339887498947 -1.6180339887498947]
[-0.3819660112501053 1.6180339887498947 -1.6180339887498947 1.6180339887498947]
[-0.3819660112501053 1.6180339887498947 -1.6180339887498947 -1.6180339887498947]
[-0.3819660112501053 -1.6180339887498947 1.6180339887498947 1.6180339887498947]
[-0.3819660112501053 -1.6180339887498947 1.6180339887498947 -1.6180339887498947]
[-0.3819660112501053 -1.6180339887498947 -1.6180339887498947 1.6180339887498947]
[-0.3819660112501053 -1.6180339887498947 -1.6180339887498947 -1.6180339887498947]
[1.6180339887498947 0.3819660112501053 1.6180339887498947 1.6180339887498947]
[1.6180339887498947 0.3819660112501053 1.6180339887498947 -1.6180339887498947]
[1.6180339887498947 0.3819660112501053 -1.6180339887498947 1.6180339887498947]
[1.6180339887498947 0.3819660112501053 -1.6180339887498947 -1.6180339887498947]
[1.6180339887498947 -0.3819660112501053 1.6180339887498947 1.6180339887498947]
[1.6180339887498947 -0.3819660112501053 1.6180339887498947 -1.6180339887498947]
[1.6180339887498947 -0.3819660112501053 -1.6180339887498947 1.6180339887498947]
[1.6180339887498947 -0.3819660112501053 -1.6180339887498947 -1.6180339887498947]
[-1.6180339887498947 0.3819660112501053 1.6180339887498947 1.6180339887498947]
[-1.6180339887498947 0.3819660112501053 1.6180339887498947 -1.6180339887498947]
[-1.6180339887498947 0.3819660112501053 -1.6180339887498947 1.6180339887498947]
[-1.6180339887498947 0.3819660112501053 -1.6180339887498947 -1.6180339887498947]
[-1.6180339887498947 -0.3819660112501053 1.6180339887498947 1.6180339887498947]
[-1.6180339887498947 -0.3819660112501053 1.6180339887498947 -1.6180339887498947]
[-1.6180339887498947 -0.3819660112501053 -1.6180339887498947 1.6180339887498947]
[-1.6180339887498947 -0.3819660112501053 -1.6180339887498947 -1.6180339887498947]
[1.6180339887498947 1.6180339887498947 0.3819660112501053 1.6180339887498947]
[1.6180339887498947 1.6180339887498947 0.3819660112501053 -1.6180339887498947]
[1.6180339887498947 1.6180339887498947 -0.3819660112501053 1.6180339887498947]
[1.6180339887498947 1.6180339887498947 -0.3819660112501053 -1.6180339887498947]
[1.6180339887498947 -1.6180339887498947 0.3819660112501053 1.6180339887498947]
[1.6180339887498947 -1.6180339887498947 0.3819660112501053 -1.6180339887498947]
[1.6180339887498947 -1.6180339887498947 -0.3819660112501053 1.6180339887498947]
[1.6180339887498947 -1.6180339887498947 -0.3819660112501053 -1.6180339887498947]
[-1.6180339887498947 1.6180339887498947 0.3819660112501053 1.6180339887498947]
[-1.6180339887498947 1.6180339887498947 0.3819660112501053 -1.6180339887498947]
[-1.6180339887498947 1.6180339887498947 -0.3819660112501053 1.6180339887498947]
[-1.6180339887498947 1.6180339887498947 -0.3819660112501053 -1.6180339887498947]
[-1.6180339887498947 -1.6180339887498947 0.3819660112501053 1.6180339887498947]
[-1.6180339887498947 -1.6180339887498947 0.3819660112501053 -1.6180339887498947]
[-1.6180339887498947 -1.6180339887498947 -0.3819660112501053 1.6180339887498947]
[-1.6180339887498947 -1.6180339887498947 -0.3819660112501053 -1.6180339887498947]
[2.6180339887498945 0.6180339887498949 0.6180339887498949 0.6180339887498949]
[2.6180339887498945 0.6180339887498949 0.6180339887498949 -0.6180339887498949]
[2.6180339887498945 0.6180339887498949 -0.6180339887498949 0.6180339887498949]
[2.6180339887498945 0.6180339887498949 -0.6180339887498949 -0.6180339887498949]
[2.6180339887498945 -0.6180339887498949 0.6180339887498949 0.6180339887498949]
[2.6180339887498945 -0.6180339887498949 0.6180339887498949 -0.6180339887498949]
[2.6180339887498945 -0.6180339887498949 -0.6180339887498949 0.6180339887498949]
[2.6180339887498945 -0.6180339887498949 -0.6180339887498949 -0.6180339887498949]
[-2.6180339887498945 0.6180339887498949 0.6180339887498949 0.6180339887498949]
[-2.6180339887498945 0.6180339887498949 0.6180339887498949 -0.6180339887498949]
[-2.6180339887498945 0.6180339887498949 -0.6180339887498949 0.6180339887498949]
[-2.6180339887498945 0.6180339887498949 -0.6180339887498949 -0.6180339887498949]
[-2.6180339887498945 -0.6180339887498949 0.6180339887498949 0.6180339887498949]
[-2.6180339887498945 -0.6180339887498949 0.6180339887498949 -0.6180339887498949]
[-2.6180339887498945 -0.6180339887498949 -0.6180339887498949 0.6180339887498949]
[-2.6180339887498945 -0.6180339887498949 -0.6180339887498949 -0.6180339887498949]
[0.6180339887498949 0.6180339887498949 0.6180339887498949 2.6180339887498945]
[0.6180339887498949 0.6180339887498949 0.6180339887498949 -2.6180339887498945]
[0.6180339887498949 0.6180339887498949 -0.6180339887498949 2.6180339887498945]
[0.6180339887498949 0.6180339887498949 -0.6180339887498949 -2.6180339887498945]
[0.6180339887498949 -0.6180339887498949 0.6180339887498949 2.6180339887498945]
[0.6180339887498949 -0.6180339887498949 0.6180339887498949 -2.6180339887498945]
[0.6180339887498949 -0.6180339887498949 -0.6180339887498949 2.6180339887498945]
[0.6180339887498949 -0.6180339887498949 -0.6180339887498949 -2.6180339887498945]
[-0.6180339887498949 0.6180339887498949 0.6180339887498949 2.6180339887498945]
[-0.6180339887498949 0.6180339887498949 0.6180339887498949 -2.6180339887498945]
[-0.6180339887498949 0.6180339887498949 -0.6180339887498949 2.6180339887498945]
[-0.6180339887498949 0.6180339887498949 -0.6180339887498949 -2.6180339887498945]
[-0.6180339887498949 -0.6180339887498949 0.6180339887498949 2.6180339887498945]
[-0.6180339887498949 -0.6180339887498949 0.6180339887498949 -2.6180339887498945]
[-0.6180339887498949 -0.6180339887498949 -0.6180339887498949 2.6180339887498945]
[-0.6180339887498949 -0.6180339887498949 -0.6180339887498949 -2.6180339887498945]
[0.6180339887498949 0.6180339887498949 2.6180339887498945 0.6180339887498949]
[0.6180339887498949 0.6180339887498949 2.6180339887498945 -0.6180339887498949]
[0.6180339887498949 0.6180339887498949 -2.6180339887498945 0.6180339887498949]
[0.6180339887498949 0.6180339887498949 -2.6180339887498945 -0.6180339887498949]
[0.6180339887498949 -0.6180339887498949 2.6180339887498945 0.6180339887498949]
[0.6180339887498949 -0.6180339887498949 2.6180339887498945 -0.6180339887498949]
[0.6180339887498949 -0.6180339887498949 -2.6180339887498945 0.6180339887498949]
[0.6180339887498949 -0.6180339887498949 -2.6180339887498945 -0.6180339887498949]
[-0.6180339887498949 0.6180339887498949 2.6180339887498945 0.6180339887498949]
[-0.6180339887498949 0.6180339887498949 2.6180339887498945 -0.6180339887498949]
[-0.6180339887498949 0.6180339887498949 -2.6180339887498945 0.6180339887498949]
[-0.6180339887498949 0.6180339887498949 -2.6180339887498945 -0.6180339887498949]
[-0.6180339887498949 -0.6180339887498949 2.6180339887498945 0.6180339887498949]
[-0.6180339887498949 -0.6180339887498949 2.6180339887498945 -0.6180339887498949]
[-0.6180339887498949 -0.6180339887498949 -2.6180339887498945 0.6180339887498949]
[-0.6180339887498949 -0.6180339887498949 -2.6180339887498945 -0.6180339887498949]
[0.6180339887498949 2.6180339887498945 0.6180339887498949 0.6180339887498949]
[0.6180339887498949 2.6180339887498945 0.6180339887498949 -0.6180339887498949]
[0.6180339887498949 2.6180339887498945 -0.6180339887498949 0.6180339887498949]
[0.6180339887498949 2.6180339887498945 -0.6180339887498949 -0.6180339887498949]
[0.6180339887498949 -2.6180339887498945 0.6180339887498949 0.6180339887498949]
[0.6180339887498949 -2.6180339887498945 0.6180339887498949 -0.6180339887498949]
[0.6180339887498949 -2.6180339887498945 -0.6180339887498949 0.6180339887498949]
[0.6180339887498949 -2.6180339887498945 -0.6180339887498949 -0.6180339887498949]
[-0.6180339887498949 2.6180339887498945 0.6180339887498949 0.6180339887498949]
[-0.6180339887498949 2.6180339887498945 0.6180339887498949 -0.6180339887498949]
[-0.6180339887498949 2.6180339887498945 -0.6180339887498949 0.6180339887498949]
[-0.6180339887498949 2.6180339887498945 -0.6180339887498949 -0.6180339887498949]
[-0.6180339887498949 -2.6180339887498945 0.6180339887498949 0.6180339887498949]
[-0.6180339887498949 -2.6180339887498945 0.6180339887498949 -0.6180339887498949]
[-0.6180339887498949 -2.6180339887498945 -0.6180339887498949 0.6180339887498949]
[-0.6180339887498949 -2.6180339887498945 -0.6180339887498949 -0.6180339887498949]
[2.6180339887498945 0.3819660112501053 1 0]
[2.6180339887498945 0.3819660112501053 -1 0]
[2.6180339887498945 -0.3819660112501053 1 0]
[2.6180339887498945 -0.3819660112501053 -1 0]
[-2.6180339887498945 0.3819660112501053 1 0]
[-2.6180339887498945 0.3819660112501053 -1 0]
[-2.6180339887498945 -0.3819660112501053 1 0]
[-2.6180339887498945 -0.3819660112501053 -1 0]
[2.6180339887498945 1 0 0.3819660112501053]
[2.6180339887498945 1 0 -0.3819660112501053]
[2.6180339887498945 -1 0 0.3819660112501053]
[2.6180339887498945 -1 0 -0.3819660112501053]
[-2.6180339887498945 1 0 0.3819660112501053]
[-2.6180339887498945 1 0 -0.3819660112501053]
[-2.6180339887498945 -1 0 0.3819660112501053]
[-2.6180339887498945 -1 0 -0.3819660112501053]
[0 0.3819660112501053 2.6180339887498945 1]
[0 0.3819660112501053 2.6180339887498945 -1]
[0 0.3819660112501053 -2.6180339887498945 1]
[0 0.3819660112501053 -2.6180339887498945 -1]
[0 -0.3819660112501053 2.6180339887498945 1]
[0 -0.3819660112501053 2.6180339887498945 -1]
[0 -0.3819660112501053 -2.6180339887498945 1]
[0 -0.3819660112501053 -2.6180339887498945 -1]
[0 1 0.3819660112501053 2.6180339887498945]
[0 1 0.3819660112501053 -2.6180339887498945]
[0 1 -0.3819660112501053 2.6180339887498945]
[0 1 -0.3819660112501053 -2.6180339887498945]
[0 -1 0.3819660112501053 2.6180339887498945]
[0 -1 0.3819660112501053 -2.6180339887498945]
[0 -1 -0.3819660112501053 2.6180339887498945]
[0 -1 -0.3819660112501053 -2.6180339887498945]
[0 2.6180339887498945 1 0.3819660112501053]
[0 2.6180339887498945 1 -0.3819660112501053]
[0 2.6180339887498945 -1 0.3819660112501053]
[0 2.6180339887498945 -1 -0.3819660112501053]
[0 -2.6180339887498945 1 0.3819660112501053]
[0 -2.6180339887498945 1 -0.3819660112501053]
[0 -2.6180339887498945 -1 0.3819660112501053]
[0 -2.6180339887498945 -1 -0.3819660112501053]
[0.3819660112501053 0 1 2.6180339887498945]
[0.3819660112501053 0 1 -2.6180339887498945]
[0.3819660112501053 0 -1 2.6180339887498945]
[0.3819660112501053 0 -1 -2.6180339887498945]
[-0.3819660112501053 0 1 2.6180339887498945]
[-0.3819660112501053 0 1 -2.6180339887498945]
[-0.3819660112501053 0 -1 2.6180339887498945]
[-0.3819660112501053 0 -1 -2.6180339887498945]
[0.3819660112501053 1 2.6180339887498945 0]
[0.3819660112501053 1 -2.6180339887498945 0]
[0.3819660112501053 -1 2.6180339887498945 0]
[0.3819660112501053 -1 -2.6180339887498945 0]
[-0.3819660112501053 1 2.6180339887498945 0]
[-0.3819660112501053 1 -2.6180339887498945 0]
[-0.3819660112501053 -1 2.6180339887498945 0]
[-0.3819660112501053 -1 -2.6180339887498945 0]
[0.3819660112501053 2.6180339887498945 0 1]
[0.3819660112501053 2.6180339887498945 0 -1]
[0.3819660112501053 -2.6180339887498945 0 1]
[0.3819660112501053 -2.6180339887498945 0 -1]
[-0.3819660112501053 2.6180339887498945 0 1]
[-0.3819660112501053 2.6180339887498945 0 -1]
[-0.3819660112501053 -2.6180339887498945 0 1]
[-0.3819660112501053 -2.6180339887498945 0 -1]
[1 0 2.6180339887498945 0.3819660112501053]
[1 0 2.6180339887498945 -0.3819660112501053]
[1 0 -2.6180339887498945 0.3819660112501053]
[1 0 -2.6180339887498945 -0.3819660112501053]
[-1 0 2.6180339887498945 0.3819660112501053]
[-1 0 2.6180339887498945 -0.3819660112501053]
[-1 0 -2.6180339887498945 0.3819660112501053]
[-1 0 -2.6180339887498945 -0.3819660112501053]
[1 0.3819660112501053 0 2.6180339887498945]
[1 0.3819660112501053 0 -2.6180339887498945]
[1 -0.3819660112501053 0 2.6180339887498945]
[1 -0.3819660112501053 0 -2.6180339887498945]
[-1 0.3819660112501053 0 2.6180339887498945]
[-1 0.3819660112501053 0 -2.6180339887498945]
[-1 -0.3819660112501053 0 2.6180339887498945]
[-1 -0.3819660112501053 0 -2.6180339887498945]
[1 2.6180339887498945 0.3819660112501053 0]
[1 2.6180339887498945 -0.3819660112501053 0]
[1 -2.6180339887498945 0.3819660112501053 0]
[1 -2.6180339887498945 -0.3819660112501053 0]
[-1 2.6180339887498945 0.3819660112501053 0]
[-1 2.6180339887498945 -0.3819660112501053 0]
[-1 -2.6180339887498945 0.3819660112501053 0]
[-1 -2.6180339887498945 -0.3819660112501053 0]
[2.6180339887498945 0 0.3819660112501053 1]
[2.6180339887498945 0 0.3819660112501053 -1]
[2.6180339887498945 0 -0.3819660112501053 1]
[2.6180339887498945 0 -0.3819660112501053 -1]
[-2.6180339887498945 0 0.3819660112501053 1]
[-2.6180339887498945 0 0.3819660112501053 -1]
[-2.6180339887498945 0 -0.3819660112501053 1]
[-2.6180339887498945 0 -0.3819660112501053 -1]
[2.2360679774997894 0.6180339887498949 1.6180339887498947 0]
[2.2360679774997894 0.6180339887498949 -1.6180339887498947 0]
[2.2360679774997894 -0.6180339887498949 1.6180339887498947 0]
[2.2360679774997894 -0.6180339887498949 -1.6180339887498947 0]
[-2.2360679774997894 0.6180339887498949 1.6180339887498947 0]
[-2.2360679774997894 0.6180339887498949 -1.6180339887498947 0]
[-2.2360679774997894 -0.6180339887498949 1.6180339887498947 0]
[-2.2360679774997894 -0.6180339887498949 -1.6180339887498947 0]
[2.2360679774997894 1.6180339887498947 0 0.6180339887498949]
[2.2360679774997894 1.6180339887498947 0 -0.6180339887498949]
[2.2360679774997894 -1.6180339887498947 0 0.6180339887498949]
[2.2360679774997894 -1.6180339887498947 0 -0.6180339887498949]
[-2.2360679774997894 1.6180339887498947 0 0.6180339887498949]
[-2.2360679774997894 1.6180339887498947 0 -0.6180339887498949]
[-2.2360679774997894 -1.6180339887498947 0 0.6180339887498949]
[-2.2360679774997894 -1.6180339887498947 0 -0.6180339887498949]
[0 0.6180339887498949 2.2360679774997894 1.6180339887498947]
[0 0.6180339887498949 2.2360679774997894 -1.6180339887498947]
[0 0.6180339887498949 -2.2360679774997894 1.6180339887498947]
[0 0.6180339887498949 -2.2360679774997894 -1.6180339887498947]
[0 -0.6180339887498949 2.2360679774997894 1.6180339887498947]
[0 -0.6180339887498949 2.2360679774997894 -1.6180339887498947]
[0 -0.6180339887498949 -2.2360679774997894 1.6180339887498947]
[0 -0.6180339887498949 -2.2360679774997894 -1.6180339887498947]
[0 1.6180339887498947 0.6180339887498949 2.2360679774997894]
[0 1.6180339887498947 0.6180339887498949 -2.2360679774997894]
[0 1.6180339887498947 -0.6180339887498949 2.2360679774997894]
[0 1.6180339887498947 -0.6180339887498949 -2.2360679774997894]
[0 -1.6180339887498947 0.6180339887498949 2.2360679774997894]
[0 -1.6180339887498947 0.6180339887498949 -2.2360679774997894]
[0 -1.6180339887498947 -0.6180339887498949 2.2360679774997894]
[0 -1.6180339887498947 -0.6180339887498949 -2.2360679774997894]
[0 2.2360679774997894 1.6180339887498947 0.6180339887498949]
[0 2.2360679774997894 1.6180339887498947 -0.6180339887498949]
[0 2.2360679774997894 -1.6180339887498947 0.6180339887498949]
[0 2.2360679774997894 -1.6180339887498947 -0.6180339887498949]
[0 -2.2360679774997894 1.6180339887498947 0.6180339887498949]
[0 -2.2360679774997894 1.6180339887498947 -0.6180339887498949]
[0 -2.2360679774997894 -1.6180339887498947 0.6180339887498949]
[0 -2.2360679774997894 -1.6180339887498947 -0.6180339887498949]
[0.6180339887498949 0 1.6180339887498947 2.2360679774997894]
[0.6180339887498949 0 1.6180339887498947 -2.2360679774997894]
[0.6180339887498949 0 -1.6180339887498947 2.2360679774997894]
[0.6180339887498949 0 -1.6180339887498947 -2.2360679774997894]
[-0.6180339887498949 0 1.6180339887498947 2.2360679774997894]
[-0.6180339887498949 0 1.6180339887498947 -2.2360679774997894]
[-0.6180339887498949 0 -1.6180339887498947 2.2360679774997894]
[-0.6180339887498949 0 -1.6180339887498947 -2.2360679774997894]
[0.6180339887498949 1.6180339887498947 2.2360679774997894 0]
[0.6180339887498949 1.6180339887498947 -2.2360679774997894 0]
[0.6180339887498949 -1.6180339887498947 2.2360679774997894 0]
[0.6180339887498949 -1.6180339887498947 -2.2360679774997894 0]
[-0.6180339887498949 1.6180339887498947 2.2360679774997894 0]
[-0.6180339887498949 1.6180339887498947 -2.2360679774997894 0]
[-0.6180339887498949 -1.6180339887498947 2.2360679774997894 0]
[-0.6180339887498949 -1.6180339887498947 -2.2360679774997894 0]
[0.6180339887498949 2.2360679774997894 0 1.6180339887498947]
[0.6180339887498949 2.2360679774997894 0 -1.6180339887498947]
[0.6180339887498949 -2.2360679774997894 0 1.6180339887498947]
[0.6180339887498949 -2.2360679774997894 0 -1.6180339887498947]
[-0.6180339887498949 2.2360679774997894 0 1.6180339887498947]
[-0.6180339887498949 2.2360679774997894 0 -1.6180339887498947]
[-0.6180339887498949 -2.2360679774997894 0 1.6180339887498947]
[-0.6180339887498949 -2.2360679774997894 0 -1.6180339887498947]
[1.6180339887498947 0 2.2360679774997894 0.6180339887498949]
[1.6180339887498947 0 2.2360679774997894 -0.6180339887498949]
[1.6180339887498947 0 -2.2360679774997894 0.6180339887498949]
[1.6180339887498947 0 -2.2360679774997894 -0.6180339887498949]
[-1.6180339887498947 0 2.2360679774997894 0.6180339887498949]
[-1.6180339887498947 0 2.2360679774997894 -0.6180339887498949]
[-1.6180339887498947 0 -2.2360679774997894 0.6180339887498949]
[-1.6180339887498947 0 -2.2360679774997894 -0.6180339887498949]
[1.6180339887498947 0.6180339887498949 0 2.2360679774997894]
[1.6180339887498947 0.6180339887498949 0 -2.2360679774997894]
[1.6180339887498947 -0.6180339887498949 0 2.2360679774997894]
[1.6180339887498947 -0.6180339887498949 0 -2.2360679774997894]
[-1.6180339887498947 0.6180339887498949 0 2.2360679774997894]
[-1.6180339887498947 0.6180339887498949 0 -2.2360679774997894]
[-1.6180339887498947 -0.6180339887498949 0 2.2360679774997894]
[-1.6180339887498947 -0.6180339887498949 0 -2.2360679774997894]
[1.6180339887498947 2.2360679774997894 0.6180339887498949 0]
[1.6180339887498947 2.2360679774997894 -0.6180339887498949 0]
[1.6180339887498947 -2.2360679774997894 0.6180339887498949 0]
[1.6180339887498947 -2.2360679774997894 -0.6180339887498949 0]
[-1.6180339887498947 2.2360679774997894 0.6180339887498949 0]
[-1.6180339887498947 2.2360679774997894 -0.6180339887498949 0]
[-1.6180339887498947 -2.2360679774997894 0.6180339887498949 0]
[-1.6180339887498947 -2.2360679774997894 -0.6180339887498949 0]
[2.2360679774997894 0 0.6180339887498949 1.6180339887498947]
[2.2360679774997894 0 0.6180339887498949 -1.6180339887498947]
[2.2360679774997894 0 -0.6180339887498949 1.6180339887498947]
[2.2360679774997894 0 -0.6180339887498949 -1.6180339887498947]
[-2.2360679774997894 0 0.6180339887498949 1.6180339887498947]
[-2.2360679774997894 0 0.6180339887498949 -1.6180339887498947]
[-2.2360679774997894 0 -0.6180339887498949 1.6180339887498947]
[-2.2360679774997894 0 -0.6180339887498949 -1.6180339887498947]
[2 1 1.6180339887498947 0.6180339887498949]
[2 1 1.6180339887498947 -0.6180339887498949]
[2 1 -1.6180339887498947 0.6180339887498949]
[2 1 -1.6180339887498947 -0.6180339887498949]
[2 -1 1.6180339887498947 0.6180339887498949]
[2 -1 1.6180339887498947 -0.6180339887498949]
[2 -1 -1.6180339887498947 0.6180339887498949]
[2 -1 -1.6180339887498947 -0.6180339887498949]
[-2 1 1.6180339887498947 0.6180339887498949]
[-2 1 1.6180339887498947 -0.6180339887498949]
[-2 1 -1.6180339887498947 0.6180339887498949]
[-2 1 -1.6180339887498947 -0.6180339887498949]
[-2 -1 1.6180339887498947 0.6180339887498949]
[-2 -1 1.6180339887498947 -0.6180339887498949]
[-2 -1 -1.6180339887498947 0.6180339887498949]
[-2 -1 -1.6180339887498947 -0.6180339887498949]
[2 1.6180339887498947 0.6180339887498949 1]
[2 1.6180339887498947 0.6180339887498949 -1]
[2 1.6180339887498947 -0.6180339887498949 1]
[2 1.6180339887498947 -0.6180339887498949 -1]
[2 -1.6180339887498947 0.6180339887498949 1]
[2 -1.6180339887498947 0.6180339887498949 -1]
[2 -1.6180339887498947 -0.6180339887498949 1]
[2 -1.6180339887498947 -0.6180339887498949 -1]
[-2 1.6180339887498947 0.6180339887498949 1]
[-2 1.6180339887498947 0.6180339887498949 -1]
[-2 1.6180339887498947 -0.6180339887498949 1]
[-2 1.6180339887498947 -0.6180339887498949 -1]
[-2 -1.6180339887498947 0.6180339887498949 1]
[-2 -1.6180339887498947 0.6180339887498949 -1]
[-2 -1.6180339887498947 -0.6180339887498949 1]
[-2 -1.6180339887498947 -0.6180339887498949 -1]
[0.6180339887498949 1 2 1.6180339887498947]
[0.6180339887498949 1 2 -1.6180339887498947]
[0.6180339887498949 1 -2 1.6180339887498947]
[0.6180339887498949 1 -2 -1.6180339887498947]
[0.6180339887498949 -1 2 1.6180339887498947]
[0.6180339887498949 -1 2 -1.6180339887498947]
[0.6180339887498949 -1 -2 1.6180339887498947]
[0.6180339887498949 -1 -2 -1.6180339887498947]
[-0.6180339887498949 1 2 1.6180339887498947]
[-0.6180339887498949 1 2 -1.6180339887498947]
[-0.6180339887498949 1 -2 1.6180339887498947]
[-0.6180339887498949 1 -2 -1.6180339887498947]
[-0.6180339887498949 -1 2 1.6180339887498947]
[-0.6180339887498949 -1 2 -1.6180339887498947]
[-0.6180339887498949 -1 -2 1.6180339887498947]
[-0.6180339887498949 -1 -2 -1.6180339887498947]
[0.6180339887498949 1.6180339887498947 1 2]
[0.6180339887498949 1.6180339887498947 1 -2]
[0.6180339887498949 1.6180339887498947 -1 2]
[0.6180339887498949 1.6180339887498947 -1 -2]
[0.6180339887498949 -1.6180339887498947 1 2]
[0.6180339887498949 -1.6180339887498947 1 -2]
[0.6180339887498949 -1.6180339887498947 -1 2]
[0.6180339887498949 -1.6180339887498947 -1 -2]
[-0.6180339887498949 1.6180339887498947 1 2]
[-0.6180339887498949 1.6180339887498947 1 -2]
[-0.6180339887498949 1.6180339887498947 -1 2]
[-0.6180339887498949 1.6180339887498947 -1 -2]
[-0.6180339887498949 -1.6180339887498947 1 2]
[-0.6180339887498949 -1.6180339887498947 1 -2]
[-0.6180339887498949 -1.6180339887498947 -1 2]
[-0.6180339887498949 -1.6180339887498947 -1 -2]
[0.6180339887498949 2 1.6180339887498947 1]
[0.6180339887498949 2 1.6180339887498947 -1]
[0.6180339887498949 2 -1.6180339887498947 1]
[0.6180339887498949 2 -1.6180339887498947 -1]
[0.6180339887498949 -2 1.6180339887498947 1]
[0.6180339887498949 -2 1.6180339887498947 -1]
[0.6180339887498949 -2 -1.6180339887498947 1]
[0.6180339887498949 -2 -1.6180339887498947 -1]
[-0.6180339887498949 2 1.6180339887498947 1]
[-0.6180339887498949 2 1.6180339887498947 -1]
[-0.6180339887498949 2 -1.6180339887498947 1]
[-0.6180339887498949 2 -1.6180339887498947 -1]
[-0.6180339887498949 -2 1.6180339887498947 1]
[-0.6180339887498949 -2 1.6180339887498947 -1]
[-0.6180339887498949 -2 -1.6180339887498947 1]
[-0.6180339887498949 -2 -1.6180339887498947 -1]
[1 0.6180339887498949 1.6180339887498947 2]
[1 0.6180339887498949 1.6180339887498947 -2]
[1 0.6180339887498949 -1.6180339887498947 2]
[1 0.6180339887498949 -1.6180339887498947 -2]
[1 -0.6180339887498949 1.6180339887498947 2]
[1 -0.6180339887498949 1.6180339887498947 -2]
[1 -0.6180339887498949 -1.6180339887498947 2]
[1 -0.6180339887498949 -1.6180339887498947 -2]
[-1 0.6180339887498949 1.6180339887498947 2]
[-1 0.6180339887498949 1.6180339887498947 -2]
[-1 0.6180339887498949 -1.6180339887498947 2]
[-1 0.6180339887498949 -1.6180339887498947 -2]
[-1 -0.6180339887498949 1.6180339887498947 2]
[-1 -0.6180339887498949 1.6180339887498947 -2]
[-1 -0.6180339887498949 -1.6180339887498947 2]
[-1 -0.6180339887498949 -1.6180339887498947 -2]
[1 1.6180339887498947 2 0.6180339887498949]
[1 1.6180339887498947 2 -0.6180339887498949]
[1 1.6180339887498947 -2 0.6180339887498949]
[1 1.6180339887498947 -2 -0.6180339887498949]
[1 -1.6180339887498947 2 0.6180339887498949]
[1 -1.6180339887498947 2 -0.6180339887498949]
[1 -1.6180339887498947 -2 0.6180339887498949]
[1 -1.6180339887498947 -2 -0.6180339887498949]
[-1 1.6180339887498947 2 0.6180339887498949]
[-1 1.6180339887498947 2 -0.6180339887498949]
[-1 1.6180339887498947 -2 0.6180339887498949]
[-1 1.6180339887498947 -2 -0.6180339887498949]
[-1 -1.6180339887498947 2 0.6180339887498949]
[-1 -1.6180339887498947 2 -0.6180339887498949]
[-1 -1.6180339887498947 -2 0.6180339887498949]
[-1 -1.6180339887498947 -2 -0.6180339887498949]
[1 2 0.6180339887498949 1.6180339887498947]
[1 2 0.6180339887498949 -1.6180339887498947]
[1 2 -0.6180339887498949 1.6180339887498947]
[1 2 -0.6180339887498949 -1.6180339887498947]
[1 -2 0.6180339887498949 1.6180339887498947]
[1 -2 0.6180339887498949 -1.6180339887498947]
[1 -2 -0.6180339887498949 1.6180339887498947]
[1 -2 -0.6180339887498949 -1.6180339887498947]
[-1 2 0.6180339887498949 1.6180339887498947]
[-1 2 0.6180339887498949 -1.6180339887498947]
[-1 2 -0.6180339887498949 1.6180339887498947]
[-1 2 -0.6180339887498949 -1.6180339887498947]
[-1 -2 0.6180339887498949 1.6180339887498947]
[-1 -2 0.6180339887498949 -1.6180339887498947]
[-1 -2 -0.6180339887498949 1.6180339887498947]
[-1 -2 -0.6180339887498949 -1.6180339887498947]
[1.6180339887498947 0.6180339887498949 2 1]
[1.6180339887498947 0.6180339887498949 2 -1]
[1.6180339887498947 0.6180339887498949 -2 1]
[1.6180339887498947 0.6180339887498949 -2 -1]
[1.6180339887498947 -0.6180339887498949 2 1]
[1.6180339887498947 -0.6180339887498949 2 -1]
[1.6180339887498947 -0.6180339887498949 -2 1]
[1.6180339887498947 -0.6180339887498949 -2 -1]
[-1.6180339887498947 0.6180339887498949 2 1]
[-1.6180339887498947 0.6180339887498949 2 -1]
[-1.6180339887498947 0.6180339887498949 -2 1]
[-1.6180339887498947 0.6180339887498949 -2 -1]
[-1.6180339887498947 -0.6180339887498949 2 1]
[-1.6180339887498947 -0.6180339887498949 2 -1]
[-1.6180339887498947 -0.6180339887498949 -2 1]
[-1.6180339887498947 -0.6180339887498949 -2 -1]
[1.6180339887498947 1 0.6180339887498949 2]
[1.6180339887498947 1 0.6180339887498949 -2]
[1.6180339887498947 1 -0.6180339887498949 2]
[1.6180339887498947 1 -0.6180339887498949 -2]
[1.6180339887498947 -1 0.6180339887498949 2]
[1.6180339887498947 -1 0.6180339887498949 -2]
[1.6180339887498947 -1 -0.6180339887498949 2]
[1.6180339887498947 -1 -0.6180339887498949 -2]
[-1.6180339887498947 1 0.6180339887498949 2]
[-1.6180339887498947 1 0.6180339887498949 -2]
[-1.6180339887498947 1 -0.6180339887498949 2]
[-1.6180339887498947 1 -0.6180339887498949 -2]
[-1.6180339887498947 -1 0.6180339887498949 2]
[-1.6180339887498947 -1 0.6180339887498949 -2]
[-1.6180339887498947 -1 -0.6180339887498949 2]
[-1.6180339887498947 -1 -0.6180339887498949 -2]
[1.6180339887498947 2 1 0.6180339887498949]
[1.6180339887498947 2 1 -0.6180339887498949]
[1.6180339887498947 2 -1 0.6180339887498949]
[1.6180339887498947 2 -1 -0.6180339887498949]
[1.6180339887498947 -2 1 0.6180339887498949]
[1.6180339887498947 -2 1 -0.6180339887498949]
[1.6180339887498947 -2 -1 0.6180339887498949]
[1.6180339887498947 -2 -1 -0.6180339887498949]
[-1.6180339887498947 2 1 0.6180339887498949]
[-1.6180339887498947 2 1 -0.6180339887498949]
[-1.6180339887498947 2 -1 0.6180339887498949]
[-1.6180339887498947 2 -1 -0.6180339887498949]
[-1.6180339887498947 -2 1 0.6180339887498949]
[-1.6180339887498947 -2 1 -0.6180339887498949]
[-1.6180339887498947 -2 -1 0.6180339887498949]
[-1.6180339887498947 -2 -1 -0.6180339887498949]
[2 0.6180339887498949 1 1.6180339887498947]
[2 0.6180339887498949 1 -1.6180339887498947]
[2 0.6180339887498949 -1 1.6180339887498947]
[2 0.6180339887498949 -1 -1.6180339887498947]
[2 -0.6180339887498949 1 1.6180339887498947]
[2 -0.6180339887498949 1 -1.6180339887498947]
[2 -0.6180339887498949 -1 1.6180339887498947]
[2 -0.6180339887498949 -1 -1.6180339887498947]
[-2 0.6180339887498949 1 1.6180339887498947]
[-2 0.6180339887498949 1 -1.6180339887498947]
[-2 0.6180339887498949 -1 1.6180339887498947]
[-2 0.6180339887498949 -1 -1.6180339887498947]
[-2 -0.6180339887498949 1 1.6180339887498947]
[-2 -0.6180339887498949 1 -1.6180339887498947]
[-2 -0.6180339887498949 -1 1.6180339887498947]
[-2 -0.6180339887498949 -1 -1.6180339887498947]
][
305 401 edge
25 585 edge
401 585 edge
25 153 edge
153 305 edge
307 403 edge
27 587 edge
403 587 edge
27 155 edge
155 307 edge
17 401 edge
17 403 edge
305 307 edge
137 425 edge
139 427 edge
137 139 edge
321 427 edge
321 425 edge
553 585 edge
137 553 edge
25 425 edge
555 587 edge
139 555 edge
27 427 edge
17 385 edge
385 553 edge
385 555 edge
225 321 edge
155 225 edge
153 225 edge
401 589 edge
29 589 edge
29 157 edge
157 305 edge
121 585 edge
121 537 edge
409 537 edge
25 409 edge
125 589 edge
121 125 edge
125 541 edge
413 541 edge
29 413 edge
377 541 edge
377 537 edge
20 377 edge
314 413 edge
20 314 edge
20 312 edge
312 409 edge
218 314 edge
157 218 edge
216 312 edge
216 218 edge
153 216 edge
31 159 edge
403 591 edge
31 591 edge
159 307 edge
315 415 edge
31 415 edge
219 315 edge
159 219 edge
411 539 edge
123 587 edge
123 539 edge
27 411 edge
21 379 edge
379 539 edge
21 313 edge
313 411 edge
127 591 edge
123 127 edge
415 543 edge
379 543 edge
21 315 edge
127 543 edge
217 313 edge
217 219 edge
155 217 edge
31 431 edge
323 431 edge
227 323 edge
159 227 edge
17 387 edge
557 589 edge
387 557 edge
559 591 edge
387 559 edge
141 429 edge
141 557 edge
29 429 edge
143 431 edge
143 559 edge
141 143 edge
323 429 edge
157 227 edge
95 415 edge
94 95 edge
94 414 edge
315 414 edge
431 575 edge
95 575 edge
395 575 edge
1 395 edge
1 323 edge
395 574 edge
94 574 edge
430 574 edge
1 322 edge
322 430 edge
30 430 edge
30 414 edge
226 322 edge
226 227 edge
30 158 edge
158 226 edge
158 219 edge
137 521 edge
73 521 edge
73 569 edge
425 569 edge
75 571 edge
139 523 edge
75 523 edge
427 571 edge
75 203 edge
203 297 edge
297 393 edge
393 571 edge
369 521 edge
369 523 edge
273 369 edge
201 273 edge
73 201 edge
203 273 edge
201 296 edge
296 297 edge
296 392 edge
392 569 edge
0 393 edge
0 392 edge
0 321 edge
41 553 edge
121 489 edge
41 489 edge
457 521 edge
41 457 edge
57 441 edge
441 489 edge
57 537 edge
105 473 edge
105 457 edge
73 473 edge
105 441 edge
473 505 edge
57 505 edge
89 505 edge
89 569 edge
89 409 edge
91 507 edge
59 539 edge
59 507 edge
91 411 edge
43 555 edge
123 491 edge
43 491 edge
75 475 edge
475 507 edge
91 571 edge
459 523 edge
43 459 edge
59 443 edge
443 491 edge
107 475 edge
107 459 edge
107 443 edge
283 379 edge
282 283 edge
282 378 edge
21 378 edge
361 507 edge
361 506 edge
90 506 edge
90 91 edge
59 187 edge
187 283 edge
187 265 edge
265 361 edge
186 265 edge
186 282 edge
58 186 edge
58 506 edge
58 538 edge
378 538 edge
410 538 edge
90 410 edge
313 410 edge
289 385 edge
291 387 edge
289 291 edge
125 493 edge
45 557 edge
45 493 edge
41 169 edge
169 289 edge
353 489 edge
353 493 edge
173 291 edge
45 173 edge
169 257 edge
257 353 edge
173 257 edge
127 495 edge
47 559 edge
47 495 edge
43 171 edge
171 289 edge
355 491 edge
355 495 edge
175 291 edge
47 175 edge
171 259 edge
259 355 edge
175 259 edge
63 543 edge
63 511 edge
95 511 edge
63 191 edge
191 283 edge
267 363 edge
191 267 edge
363 511 edge
190 267 edge
363 510 edge
62 190 edge
62 510 edge
190 282 edge
94 510 edge
62 542 edge
378 542 edge
414 542 edge
141 525 edge
77 525 edge
77 573 edge
429 573 edge
445 493 edge
61 445 edge
61 541 edge
45 461 edge
461 525 edge
109 445 edge
109 461 edge
109 477 edge
477 509 edge
61 509 edge
77 477 edge
93 509 edge
93 573 edge
93 413 edge
143 527 edge
79 527 edge
79 575 edge
447 495 edge
63 447 edge
47 463 edge
463 527 edge
111 447 edge
111 463 edge
111 479 edge
479 511 edge
79 479 edge
371 525 edge
371 527 edge
275 371 edge
205 275 edge
77 205 edge
207 275 edge
79 207 edge
207 299 edge
205 298 edge
298 299 edge
299 395 edge
298 394 edge
394 573 edge
1 394 edge
347 475 edge
251 347 edge
203 251 edge
13 347 edge
13 361 edge
13 346 edge
250 346 edge
250 251 edge
346 474 edge
474 506 edge
202 250 edge
74 474 edge
74 202 edge
202 297 edge
74 570 edge
90 570 edge
393 570 edge
9 369 edge
337 457 edge
9 337 edge
339 459 edge
9 339 edge
169 241 edge
241 337 edge
171 243 edge
243 339 edge
241 243 edge
329 441 edge
233 329 edge
185 233 edge
57 185 edge
5 353 edge
5 329 edge
333 445 edge
5 333 edge
237 333 edge
189 237 edge
61 189 edge
233 237 edge
189 281 edge
185 281 edge
281 377 edge
331 443 edge
235 331 edge
187 235 edge
7 355 edge
7 331 edge
335 447 edge
7 335 edge
239 335 edge
191 239 edge
235 239 edge
173 245 edge
175 247 edge
245 247 edge
341 461 edge
245 341 edge
343 463 edge
247 343 edge
11 371 edge
11 341 edge
11 343 edge
277 373 edge
9 373 edge
273 277 edge
105 113 edge
113 481 edge
345 481 edge
345 473 edge
113 465 edge
337 465 edge
81 529 edge
373 529 edge
81 209 edge
209 277 edge
465 529 edge
81 481 edge
209 249 edge
249 345 edge
201 249 edge
107 115 edge
115 483 edge
347 483 edge
115 467 edge
339 467 edge
83 531 edge
373 531 edge
83 211 edge
211 277 edge
467 531 edge
83 483 edge
211 251 edge
329 449 edge
113 449 edge
65 449 edge
65 193 edge
193 233 edge
65 513 edge
481 513 edge
364 513 edge
193 268 edge
268 364 edge
12 364 edge
12 345 edge
264 268 edge
185 264 edge
12 360 edge
264 360 edge
360 505 edge
331 451 edge
115 451 edge
67 451 edge
67 195 edge
195 235 edge
67 515 edge
483 515 edge
365 515 edge
195 269 edge
269 365 edge
13 365 edge
265 269 edge
257 261 edge
177 261 edge
177 241 edge
5 357 edge
261 357 edge
449 497 edge
357 497 edge
49 497 edge
49 465 edge
49 177 edge
259 263 edge
179 263 edge
179 243 edge
7 359 edge
263 359 edge
451 499 edge
359 499 edge
51 499 edge
51 467 edge
51 179 edge
181 245 edge
181 261 edge
183 247 edge
183 263 edge
181 295 edge
183 295 edge
293 295 edge
177 293 edge
179 293 edge
109 117 edge
333 453 edge
117 453 edge
341 469 edge
117 469 edge
357 501 edge
453 501 edge
53 181 edge
53 469 edge
53 501 edge
111 119 edge
335 455 edge
119 455 edge
343 471 edge
119 471 edge
359 503 edge
455 503 edge
55 183 edge
55 471 edge
55 503 edge
117 485 edge
349 485 edge
349 477 edge
69 453 edge
69 197 edge
197 237 edge
69 517 edge
485 517 edge
366 517 edge
270 366 edge
197 270 edge
14 366 edge
14 349 edge
266 270 edge
14 362 edge
266 362 edge
189 266 edge
362 509 edge
351 487 edge
119 487 edge
351 479 edge
71 199 edge
71 455 edge
199 239 edge
367 519 edge
487 519 edge
15 367 edge
15 351 edge
71 519 edge
271 367 edge
199 271 edge
267 271 edge
15 363 edge
11 375 edge
279 375 edge
275 279 edge
469 533 edge
375 533 edge
85 533 edge
85 485 edge
85 213 edge
213 279 edge
213 253 edge
253 349 edge
205 253 edge
471 535 edge
375 535 edge
87 487 edge
87 215 edge
215 255 edge
255 351 edge
87 535 edge
215 279 edge
207 255 edge
388 562 edge
388 560 edge
146 562 edge
144 560 edge
144 146 edge
292 388 edge
50 562 edge
178 292 edge
50 178 edge
48 560 edge
176 292 edge
48 176 edge
146 530 edge
50 466 edge
466 530 edge
144 528 edge
48 464 edge
464 528 edge
372 530 edge
372 528 edge
178 242 edge
176 240 edge
240 242 edge
338 466 edge
242 338 edge
336 464 edge
240 336 edge
8 372 edge
8 338 edge
8 336 edge
129 497 edge
129 545 edge
65 545 edge
133 501 edge
129 133 edge
133 549 edge
69 549 edge
381 549 edge
381 545 edge
285 381 edge
197 285 edge
193 285 edge
67 547 edge
131 499 edge
131 547 edge
287 383 edge
383 547 edge
195 287 edge
135 503 edge
131 135 edge
71 551 edge
383 551 edge
199 287 edge
135 551 edge
295 391 edge
53 565 edge
391 565 edge
55 567 edge
391 567 edge
149 533 edge
149 565 edge
151 535 edge
151 567 edge
149 151 edge
103 519 edge
102 103 edge
102 518 edge
367 518 edge
87 583 edge
103 583 edge
399 583 edge
303 399 edge
215 303 edge
399 582 edge
102 582 edge
86 582 edge
214 303 edge
86 214 edge
86 486 edge
486 518 edge
214 254 edge
254 255 edge
350 486 edge
254 350 edge
15 350 edge
145 433 edge
433 577 edge
145 529 edge
81 577 edge
435 579 edge
147 435 edge
147 531 edge
83 579 edge
325 435 edge
2 325 edge
2 397 edge
397 579 edge
325 433 edge
145 147 edge
2 396 edge
396 577 edge
301 397 edge
300 396 edge
300 301 edge
211 301 edge
209 300 edge
561 593 edge
129 593 edge
49 561 edge
33 593 edge
33 433 edge
145 561 edge
33 417 edge
417 545 edge
97 417 edge
97 577 edge
97 513 edge
99 419 edge
419 547 edge
99 515 edge
563 595 edge
131 595 edge
51 563 edge
35 435 edge
35 419 edge
99 579 edge
35 595 edge
147 563 edge
23 383 edge
23 382 edge
286 382 edge
286 287 edge
317 419 edge
317 418 edge
98 418 edge
98 99 edge
23 317 edge
418 546 edge
382 546 edge
66 546 edge
98 514 edge
66 514 edge
194 286 edge
66 194 edge
365 514 edge
194 269 edge
19 389 edge
19 391 edge
293 389 edge
133 597 edge
565 597 edge
405 593 edge
19 405 edge
389 561 edge
405 597 edge
135 599 edge
567 599 edge
407 595 edge
19 407 edge
389 563 edge
407 599 edge
423 551 edge
103 423 edge
319 423 edge
23 319 edge
319 422 edge
102 422 edge
422 550 edge
382 550 edge
70 550 edge
70 518 edge
70 198 edge
198 286 edge
198 271 edge
149 437 edge
437 581 edge
85 581 edge
37 597 edge
37 421 edge
421 549 edge
37 437 edge
101 421 edge
101 581 edge
101 517 edge
151 439 edge
439 583 edge
39 599 edge
39 423 edge
39 439 edge
327 439 edge
327 437 edge
3 327 edge
3 399 edge
3 398 edge
398 581 edge
302 398 edge
302 303 edge
213 302 edge
35 163 edge
163 229 edge
229 325 edge
163 221 edge
221 317 edge
162 221 edge
162 228 edge
228 229 edge
34 162 edge
34 418 edge
228 324 edge
34 434 edge
324 434 edge
2 324 edge
434 578 edge
98 578 edge
397 578 edge
309 405 edge
161 309 edge
33 161 edge
311 407 edge
163 311 edge
309 311 edge
161 229 edge
165 309 edge
37 165 edge
165 222 edge
220 222 edge
161 220 edge
222 318 edge
318 421 edge
220 316 edge
22 318 edge
22 316 edge
316 417 edge
22 381 edge
167 311 edge
39 167 edge
167 223 edge
221 223 edge
223 319 edge
167 231 edge
165 231 edge
231 327 edge
230 231 edge
166 230 edge
166 223 edge
164 230 edge
164 222 edge
166 310 edge
164 308 edge
308 310 edge
162 310 edge
160 308 edge
160 220 edge
160 228 edge
230 326 edge
3 326 edge
38 166 edge
326 438 edge
38 438 edge
38 422 edge
438 582 edge
36 164 edge
326 436 edge
36 436 edge
36 420 edge
318 420 edge
436 580 edge
398 580 edge
100 420 edge
100 580 edge
100 101 edge
310 406 edge
38 598 edge
406 598 edge
308 404 edge
36 596 edge
404 596 edge
18 406 edge
18 404 edge
150 438 edge
148 436 edge
148 150 edge
566 598 edge
150 566 edge
564 596 edge
148 564 edge
18 390 edge
390 566 edge
390 564 edge
406 594 edge
34 594 edge
134 598 edge
134 550 edge
130 594 edge
130 134 edge
130 546 edge
32 160 edge
404 592 edge
32 592 edge
316 416 edge
32 416 edge
420 548 edge
132 596 edge
132 548 edge
22 380 edge
380 548 edge
128 592 edge
128 132 edge
416 544 edge
380 544 edge
128 544 edge
32 432 edge
324 432 edge
18 388 edge
562 594 edge
560 592 edge
146 434 edge
144 432 edge
96 416 edge
96 97 edge
432 576 edge
96 576 edge
396 576 edge
150 534 edge
86 534 edge
84 580 edge
148 532 edge
84 532 edge
212 302 edge
84 212 edge
374 534 edge
374 532 edge
214 278 edge
212 278 edge
278 374 edge
54 566 edge
134 502 edge
54 502 edge
470 534 edge
54 470 edge
70 454 edge
454 502 edge
118 486 edge
118 470 edge
118 454 edge
100 516 edge
68 548 edge
68 516 edge
52 564 edge
132 500 edge
52 500 edge
84 484 edge
484 516 edge
468 532 edge
52 468 edge
68 452 edge
452 500 edge
116 484 edge
116 468 edge
116 452 edge
284 380 edge
284 285 edge
366 516 edge
68 196 edge
196 284 edge
196 270 edge
294 390 edge
292 294 edge
130 498 edge
50 498 edge
54 182 edge
182 294 edge
358 502 edge
358 498 edge
182 262 edge
262 358 edge
178 262 edge
128 496 edge
48 496 edge
52 180 edge
180 294 edge
356 500 edge
356 496 edge
180 260 edge
260 356 edge
176 260 edge
64 544 edge
96 512 edge
64 512 edge
192 284 edge
64 192 edge
364 512 edge
192 268 edge
82 578 edge
82 530 edge
450 498 edge
66 450 edge
482 514 edge
82 482 edge
114 450 edge
114 466 edge
114 482 edge
80 576 edge
80 528 edge
448 496 edge
64 448 edge
480 512 edge
80 480 edge
112 448 edge
112 464 edge
112 480 edge
82 210 edge
210 301 edge
80 208 edge
208 300 edge
276 372 edge
210 276 edge
208 276 edge
212 252 edge
252 253 edge
348 484 edge
252 348 edge
14 348 edge
10 374 edge
342 470 edge
10 342 edge
340 468 edge
10 340 edge
182 246 edge
246 342 edge
180 244 edge
244 340 edge
244 246 edge
334 454 edge
198 238 edge
238 334 edge
6 358 edge
6 334 edge
194 234 edge
234 238 edge
330 450 edge
6 330 edge
234 330 edge
332 452 edge
196 236 edge
236 332 edge
4 356 edge
4 332 edge
192 232 edge
232 236 edge
328 448 edge
4 328 edge
232 328 edge
346 482 edge
210 250 edge
344 480 edge
12 344 edge
208 248 edge
248 344 edge
248 249 edge
274 278 edge
206 254 edge
206 274 edge
204 252 edge
204 274 edge
206 299 edge
204 298 edge
10 370 edge
274 370 edge
110 118 edge
350 478 edge
110 478 edge
342 462 edge
110 462 edge
78 206 edge
78 478 edge
370 526 edge
462 526 edge
78 526 edge
108 116 edge
348 476 edge
108 476 edge
340 460 edge
108 460 edge
76 204 edge
76 476 edge
370 524 edge
460 524 edge
76 524 edge
334 446 edge
110 446 edge
190 238 edge
478 510 edge
62 446 edge
332 444 edge
108 444 edge
188 236 edge
188 266 edge
476 508 edge
362 508 edge
60 444 edge
60 188 edge
60 508 edge
258 262 edge
174 246 edge
174 258 edge
6 354 edge
258 354 edge
46 462 edge
46 174 edge
446 494 edge
354 494 edge
46 494 edge
256 260 edge
172 244 edge
172 256 edge
4 352 edge
256 352 edge
44 460 edge
44 172 edge
444 492 edge
352 492 edge
44 492 edge
186 234 edge
184 232 edge
184 264 edge
188 280 edge
184 280 edge
280 281 edge
170 242 edge
170 258 edge
168 240 edge
168 256 edge
174 290 edge
172 290 edge
170 288 edge
168 288 edge
288 290 edge
106 114 edge
330 442 edge
106 442 edge
338 458 edge
106 458 edge
354 490 edge
442 490 edge
42 170 edge
42 458 edge
42 490 edge
104 112 edge
328 440 edge
104 440 edge
336 456 edge
104 456 edge
352 488 edge
440 488 edge
40 168 edge
40 456 edge
40 488 edge
106 474 edge
58 442 edge
344 472 edge
104 472 edge
56 184 edge
56 440 edge
360 504 edge
472 504 edge
56 504 edge
272 276 edge
8 368 edge
272 368 edge
202 272 edge
458 522 edge
368 522 edge
74 522 edge
200 248 edge
200 272 edge
456 520 edge
368 520 edge
72 472 edge
72 200 edge
72 520 edge
200 296 edge
78 574 edge
76 572 edge
394 572 edge
92 508 edge
92 572 edge
92 93 edge
142 526 edge
140 524 edge
140 142 edge
46 558 edge
142 558 edge
44 556 edge
140 556 edge
290 386 edge
386 558 edge
386 556 edge
126 494 edge
126 542 edge
122 490 edge
122 126 edge
122 538 edge
60 540 edge
124 492 edge
124 540 edge
280 376 edge
376 540 edge
120 488 edge
120 124 edge
56 536 edge
376 536 edge
120 536 edge
288 384 edge
42 554 edge
384 554 edge
40 552 edge
384 552 edge
138 522 edge
138 554 edge
136 520 edge
136 552 edge
136 138 edge
88 504 edge
88 89 edge
72 568 edge
88 568 edge
392 568 edge
142 430 edge
428 572 edge
140 428 edge
322 428 edge
558 590 edge
126 590 edge
30 590 edge
92 412 edge
412 540 edge
556 588 edge
124 588 edge
28 428 edge
28 412 edge
28 588 edge
20 376 edge
314 412 edge
16 386 edge
16 384 edge
122 586 edge
554 586 edge
402 590 edge
16 402 edge
402 586 edge
120 584 edge
552 584 edge
400 588 edge
16 400 edge
400 584 edge
408 536 edge
88 408 edge
312 408 edge
138 426 edge
426 570 edge
26 586 edge
26 410 edge
26 426 edge
136 424 edge
424 568 edge
24 584 edge
24 408 edge
24 424 edge
320 426 edge
320 424 edge
0 320 edge
28 156 edge
156 226 edge
156 218 edge
306 402 edge
158 306 edge
304 400 edge
156 304 edge
304 306 edge
26 154 edge
154 306 edge
154 217 edge
24 152 edge
152 304 edge
152 216 edge
224 320 edge
154 224 edge
152 224 edge
224 225 edge
][
[24 10 11 3 20 1 8 23 6 15 13 19 14 22 29 4 28 9 27 12 0 5 17 16 25 26 2 7 18 21] [2.618033988749411 1 0 -1.6180339887498116] face
[48 47 45 3 37 1 32 42 31 39 35 34 40 38 54 4 51 33 53 52 50 0 49 46 44 43 2 30 36 41] [2.6180339887495725 0 1.6180339887498978 -1] face
[69 75 67 8 66 6 55 60 57 72 65 64 76 71 79 9 62 58 78 77 61 5 70 59 68 74 7 56 63 73] [2.61803398874977 0 -1.6180339887498707 -1] face
[84 10 11 32 91 31 55 80 57 94 89 90 92 93 96 33 83 58 82 12 0 5 95 81 86 88 30 56 85 87] [2.6180339887499544 -1 0 -1.6180339887499704] face
[109 105 104 115 112 111 55 60 80 98 99 107 97 102 117 116 62 83 61 114 113 82 100 59 110 81 106 103 108 101] [2.618033988749876 -1.6180339887498743 -1 0] face
[142 141 140 134 119 120 126 124 122 15 13 118 14 123 133 136 135 127 132 137 138 128 17 16 130 131 139 129 121 125] [1.6180339887505404 2.618033988750248 0 -1] face
[37 20 1 147 145 143 148 156 150 153 119 120 159 157 158 154 152 151 144 35 34 13 118 19 36 121 149 146 155 18] [1 1 1 -1] face
[66 23 6 171 166 164 172 162 161 167 124 122 163 160 169 176 175 174 165 65 64 14 123 22 63 125 173 170 168 21] [1 1 -1 -1] face
[69 180 67 191 192 193 185 162 161 184 196 183 163 160 189 190 187 186 188 178 179 177 197 70 182 181 194 68 195 63] [1.6180339887498136 1 -2.618033988749542 0] face
[24 84 10 204 145 143 209 203 202 39 144 34 201 38 210 205 212 208 211 200 198 199 206 207 25 86 2 30 18 85] [1.618033988749965 0 1 -2.6180339887499393] face
[24 84 11 216 166 164 221 215 214 72 165 64 213 71 222 217 224 220 223 200 198 199 218 219 26 88 7 56 21 87] [1.6180339887500044 0 -1 -2.6180339887499655] face
[75 180 67 235 236 239 228 226 225 98 99 238 97 227 233 237 231 229 230 178 179 177 100 59 234 232 240 74 241 73] [1.6180339887500546 -1 -2.6180339887500197 0] face
[42 91 31 249 203 202 247 255 248 256 243 244 259 257 258 251 252 253 201 40 38 89 242 90 41 245 246 250 254 85] [1 -1 1 -1] face
[60 80 57 265 215 214 264 226 225 271 261 262 97 227 102 267 268 269 213 76 71 92 260 93 73 101 263 266 270 87] [1 -1 -1 -1] face
[105 285 104 276 243 244 278 261 262 94 89 242 92 260 275 280 277 279 274 281 283 282 95 81 272 273 284 103 245 101] [1.6180339887498771 -2.6180339887498723 0 -1] face
[291 289 290 298 297 300 126 167 122 184 183 301 160 169 296 299 288 127 293 292 287 128 294 286 182 181 302 129 295 168] [1 2.618033988749901 -1.6180339887498936 0] face
[305 307 303 204 147 143 216 171 164 15 118 19 123 22 308 205 310 217 312 309 311 198 304 306 130 131 25 26 146 170] [1 1.6180339887498467 0 -2.618033988749785] face
[318 320 317 316 148 150 323 247 248 39 144 35 201 40 315 326 322 325 324 314 321 327 313 319 206 207 44 43 149 246] [1 0 2.6180339887497417 -1.618033988749801] face
[332 334 331 185 172 161 228 264 225 72 165 65 213 76 330 186 336 229 337 329 335 177 328 333 218 219 68 74 173 263] [1 0 -2.61803398874989 -1.6180339887498947] face
[346 347 345 209 249 202 221 265 214 94 242 90 260 93 338 208 339 220 340 342 344 199 341 343 272 273 86 88 250 266] [1 -1.6180339887499162 0 -2.6180339887499318] face
[305 303 349 134 153 119 359 362 357 351 152 151 355 352 365 133 363 360 364 350 132 348 304 356 354 353 130 358 146 361] [0 2.618033988749863 1 -1.6180339887498865] face
[307 303 349 126 167 124 373 376 371 366 175 174 369 367 288 135 377 374 287 350 132 348 306 370 286 368 131 372 170 375] [0 2.618033988749804 -1 -1.618033988749875] face
[389 392 388 316 148 156 381 380 383 351 154 151 379 352 315 391 382 386 314 390 393 387 313 378 354 353 394 385 155 384] [0 1.6180339887499122 2.618033988749951 -1] face
[289 290 405 185 172 162 398 397 400 366 176 174 396 367 330 187 399 403 329 406 188 404 328 395 286 368 181 402 168 401] [0 1.6180339887499389 -2.6180339887500264 -1] face
[318 317 410 204 147 145 416 415 414 351 154 152 379 355 308 210 409 408 309 407 211 411 313 378 304 356 206 413 149 412] [0 1 1.6180339887499287 -2.618033988749957] face
[332 331 420 216 171 166 426 425 424 366 176 175 396 369 310 222 419 418 311 417 223 421 328 395 306 370 218 423 173 422] [0 1 -1.6180339887499235 -2.6180339887499677] face
[308 210 205 310 222 217 338 212 208 339 224 220 409 408 434 419 418 435 427 428 431 429 430 432 312 340 407 417 200 433] [0 0 0 -1] face
[320 317 410 209 249 203 443 444 445 436 251 252 438 440 338 212 427 428 342 407 211 411 319 437 341 439 207 441 246 442] [0 -1 1.6180339887499011 -2.6180339887499002] face
[334 331 420 221 265 215 453 454 455 446 267 268 448 450 339 224 429 430 344 417 223 421 333 447 343 449 219 451 263 452] [0 -1 -1.6180339887498791 -2.6180339887498527] face
[468 470 467 323 247 255 460 459 462 436 251 253 438 456 322 472 461 466 321 469 471 465 319 437 458 457 473 464 254 463] [0 -1.6180339887498894 2.618033988749892 -1] face
[483 488 482 228 264 226 477 478 484 446 267 269 448 475 336 231 479 486 335 487 230 485 333 447 476 474 232 480 270 481] [0 -1.6180339887498754 -2.61803398874985 -1] face
[346 345 489 276 256 243 496 495 494 436 252 253 440 456 500 275 498 497 499 491 274 490 341 439 458 457 272 493 250 492] [0 -2.6180339887499 1 -1.6180339887498973] face
[347 345 489 278 271 261 504 503 507 446 268 269 450 475 509 277 505 508 506 491 274 490 343 449 476 474 273 502 266 501] [0 -2.618033988749901 -1 -1.6180339887499005] face
[539 538 537 521 526 519 518 523 516 514 525 513 522 512 531 520 530 517 532 536 534 515 535 533 529 528 511 510 527 524] [-1 1.618033988749875 0 2.6180339887498656] face
[318 320 410 381 380 542 460 459 546 544 540 541 543 545 382 551 461 550 324 314 321 549 378 437 413 441 548 547 412 442] [-1 0 2.618033988749799 -1.618033988749836] face
[332 334 420 398 397 552 477 478 560 559 553 554 558 563 399 557 479 562 337 329 335 555 395 447 423 451 556 561 422 452] [-1 0 -2.6180339887498874 -1.6180339887498916] face
[346 347 489 443 444 565 453 454 567 573 569 570 571 572 427 431 429 432 340 342 344 564 439 449 493 502 566 568 492 501] [-1 -1.6180339887499064 0 -2.6180339887499136] face
[594 483 482 587 588 585 504 503 578 575 576 584 574 579 590 586 505 582 591 593 506 581 592 474 577 480 583 580 589 481] [-1 -2.6180339887498927 -1.6180339887498916 0] face
[604 609 605 359 357 598 373 371 602 608 595 597 600 601 360 615 374 614 348 613 612 611 607 603 358 372 610 606 596 599] [-1.6180339887497628 2.618033988749862 0 -1] face
[622 620 619 415 414 618 380 383 542 362 357 598 624 626 625 379 355 352 540 541 617 595 597 621 623 596 412 361 384 616] [-1 1 1 -1] face
[634 633 636 425 424 632 397 400 552 376 371 602 627 629 635 396 369 367 553 554 631 600 601 637 628 599 422 375 401 630] [-1 1 -1 -1] face
[646 639 638 653 651 649 398 400 552 645 644 650 627 629 655 652 403 557 404 641 640 555 643 642 654 402 648 556 647 628] [-1.6180339887498045 1 -2.6180339887498896 0] face
[656 657 662 416 414 618 443 445 565 544 540 617 543 659 408 434 428 431 411 433 658 564 413 441 663 566 661 664 616 660] [-1.6180339887498618 0 1 -2.6180339887498794] face
[656 657 668 426 424 632 453 455 567 559 553 631 558 665 418 435 430 432 421 433 658 564 423 451 669 568 667 670 630 666] [-1.6180339887498534 0 -1 -2.6180339887498887] face
[674 639 638 681 680 679 477 484 560 575 676 576 672 574 683 682 486 562 485 641 640 555 675 673 577 480 678 561 677 671] [-1.6180339887498494 -1 -2.6180339887499016 0] face
[688 690 687 444 445 565 459 462 546 495 494 686 691 693 692 438 440 456 543 545 659 684 569 570 689 685 442 492 463 660] [-1 -1 1 -1] face
[697 698 696 454 455 567 478 484 560 503 507 578 672 574 579 448 450 475 558 563 665 694 571 572 671 695 452 501 481 666] [-1 -1 -1 -1] face
[701 703 702 496 494 686 504 507 578 573 684 569 694 571 497 707 508 582 490 706 705 581 700 699 493 502 704 580 685 695] [-1.6180339887498916 -2.618033988749892 0 -1] face
[721 604 605 716 717 719 708 634 633 645 644 723 627 635 713 714 711 709 712 715 718 710 643 642 720 603 724 606 722 599] [-2.618033988749905 1.6180339887498956 -1 0] face
[656 662 668 727 620 619 708 633 636 608 595 621 600 637 731 726 709 729 710 730 725 728 607 603 663 669 661 667 616 630] [-2.61803398874986 1 0 -1.6180339887498782] face
[741 740 743 727 622 619 733 688 687 544 541 617 545 659 736 726 734 732 735 739 737 725 742 738 548 547 661 664 623 689] [-2.618033988749876 0 1.6180339887498913 -1] face
[646 674 638 708 634 636 745 697 696 559 554 631 563 665 711 729 746 744 747 712 748 728 642 673 556 561 667 670 628 671] [-2.618033988749885 0 -1.6180339887498927 -1] face
[657 662 668 733 690 687 745 698 696 573 684 570 694 572 750 732 749 744 751 730 725 728 700 699 566 568 664 670 660 666] [-2.618033988749896 -1 0 -1.618033988749894] face
[762 763 761 736 731 726 713 714 760 711 709 729 756 755 758 734 750 732 754 753 757 746 749 744 735 747 715 752 759 730] [-1 0 0 0] face
[765 701 702 766 769 768 745 697 698 575 676 584 672 579 754 753 746 749 748 752 764 751 675 673 767 699 583 580 770 695] [-2.618033988749896 -1.6180339887498953 -1 0] face
[765 701 703 771 774 773 733 688 690 780 778 779 691 692 756 755 734 750 737 752 764 751 775 738 772 700 777 704 776 685] [-2.618033988749897 -1.6180339887498956 1 0] face
[796 788 787 771 773 785 766 768 782 791 790 795 789 793 755 758 753 757 764 759 784 781 772 767 798 797 786 783 794 792] [-2.618033988749896 -1 0 1.6180339887498996] face
[646 674 639 716 717 800 766 769 782 804 805 803 802 801 713 760 754 757 747 712 748 781 643 675 648 678 799 783 647 677] [-2.6180339887499002 0 -1.6180339887498956 1] face
[741 740 814 806 810 808 771 774 785 817 820 816 813 812 762 761 756 758 735 739 737 784 809 775 819 815 807 786 818 811] [-2.618033988749877 0 1.6180339887498894 1] face
[823 788 787 806 821 808 716 719 800 514 827 513 826 512 763 761 714 760 718 759 784 781 822 720 511 510 807 799 825 824] [-2.6180339887499002 1 0 1.6180339887498982] face
[721 604 609 806 810 821 727 622 620 829 828 831 624 625 762 763 736 731 739 715 718 710 809 742 822 607 832 610 830 596] [-2.618033988749905 1.6180339887498691 1 0] face
[765 703 702 839 837 835 587 834 585 791 790 836 789 833 843 838 842 586 844 706 705 581 772 767 841 840 777 583 776 770] [-1.6180339887498907 -2.618033988749896 0 1] face
[769 768 782 849 847 845 850 680 679 588 834 585 676 576 584 854 853 852 846 802 801 789 833 793 677 770 851 848 589 792] [-1 -1 -1 1] face
[774 773 785 864 860 858 865 857 856 861 837 835 778 855 779 869 868 867 859 813 812 790 836 795 811 776 866 863 862 794] [-1 -1 1 1] face
[740 814 743 873 857 856 460 462 546 780 778 855 691 693 875 874 466 550 465 871 870 549 775 738 872 464 815 547 811 689] [-1.6180339887498838 -1 2.618033988749894 0] face
[823 796 787 518 879 516 880 847 845 804 878 803 846 801 886 517 884 881 885 877 515 876 883 882 510 797 799 783 824 792] [-1.6180339887498343 0 -1 2.6180339887499056] face
[823 796 788 521 888 519 889 860 858 817 887 816 859 812 895 520 893 890 894 877 515 876 892 891 511 798 807 786 825 794] [-1.6180339887498556 0 1 2.6180339887498905] face
[741 814 743 900 898 896 381 383 542 829 828 897 624 626 902 899 386 551 387 871 870 549 809 742 901 385 819 548 818 623] [-1.6180339887498816 1 2.618033988749902 0] face
[717 719 800 523 879 516 906 651 649 908 904 903 644 650 723 909 910 911 878 805 803 826 522 512 647 722 905 524 907 824] [-1 1 -1 1] face
[810 821 808 526 888 519 915 898 896 917 913 912 828 897 831 918 919 920 887 820 816 827 525 513 818 830 914 527 916 825] [-1 1 1 1] face
[721 609 605 923 913 912 921 904 903 514 827 525 826 522 927 924 926 922 925 613 612 611 822 720 529 528 832 724 830 722] [-1.6180339887497872 2.6180339887499327 0 1] face
[932 468 467 839 861 835 496 495 686 780 855 779 693 692 928 838 498 707 929 931 499 705 930 457 872 464 777 704 862 463] [-1 -2.61803398874989 1.6180339887498947 0] face
[937 935 933 889 864 858 880 849 845 791 836 795 833 793 940 890 938 881 942 941 939 876 936 934 841 840 798 797 863 848] [-1 -1.6180339887498716 0 2.618033988749869] face
[951 947 946 653 906 649 681 850 679 804 878 805 846 802 948 652 944 682 949 952 945 640 950 943 883 882 648 678 905 851] [-1 0 -2.6180339887499167 1.6180339887499104] face
[961 957 956 900 915 896 873 865 856 817 887 820 859 813 958 899 954 874 959 962 955 870 960 953 892 891 819 815 914 866] [-1 0 2.6180339887498167 1.6180339887498523] face
[305 307 349 416 415 618 426 425 632 608 597 621 601 637 409 434 419 435 312 309 311 658 356 370 358 372 663 669 361 375] [-1 1.6180339887498618 0 -2.6180339887498096] face
[291 289 405 921 908 903 373 376 602 645 650 723 629 635 964 922 377 614 293 292 287 611 963 368 654 402 724 606 907 401] [-1 2.6180339887499002 -1.6180339887498933 0] face
[966 389 388 923 917 912 359 362 598 829 897 831 626 625 967 924 363 615 969 968 364 612 965 353 901 385 832 610 916 384] [-1 2.61803398875 1.6180339887499877 0] face
[973 974 976 500 275 280 971 972 975 509 277 279 928 843 838 498 497 707 590 842 586 505 508 582 929 591 970 491 281 706] [0 -1 0 0] face
[935 977 933 984 985 988 587 588 834 979 983 981 853 852 971 972 590 842 593 970 978 844 982 934 980 592 986 840 987 848] [0 -2.618033988749905 -1 1.6180339887499002] face
[937 977 933 994 995 998 839 861 837 989 993 991 868 867 973 974 928 843 931 970 978 844 992 936 990 930 996 841 997 863] [0 -2.618033988749904 1 1.618033988749899] face
[594 488 482 235 1003 236 681 850 680 979 1000 981 854 852 1001 233 944 683 945 487 230 485 999 943 980 592 234 577 1002 589] [0 -1.6180339887498567 -2.6180339887498083 1] face
[932 470 467 1011 1010 1012 873 865 857 989 1005 991 869 867 1006 1007 954 875 955 469 471 465 1004 953 990 930 1009 872 1008 862] [0 -1.6180339887498907 2.6180339887498896 1] face
[947 1016 946 1019 1018 1022 880 849 847 979 1000 983 854 853 1014 1015 938 884 939 1013 1017 885 999 943 982 934 1021 882 1020 851] [0 -1 -1.6180339887498651 2.6180339887498234] face
[957 1026 956 1029 1028 1032 889 864 860 989 1005 993 869 868 1024 1025 940 893 941 1023 1027 894 1004 953 992 936 1031 891 1030 866] [0 -1 1.6180339887498907 2.6180339887498847] face
[1033 189 190 330 187 186 1001 233 237 336 231 229 948 655 652 399 403 557 944 683 682 479 486 562 949 337 406 487 178 641] [0 0 -1 0] face
[1034 1035 1037 315 391 326 1006 1007 1036 322 472 325 958 902 899 382 386 551 954 875 874 461 466 550 959 324 390 469 1038 871] [0 0 1 0] face
[1041 1042 1046 1039 1040 1045 1024 1025 1044 1014 1015 1043 531 895 520 530 886 517 940 893 890 938 884 881 532 942 1023 1013 1047 877] [0 0 0 1] face
[951 1016 946 1055 1056 1057 518 523 879 1048 1050 1052 909 910 1039 1040 530 886 534 1013 1017 885 1049 950 1051 533 1053 883 1054 905] [0 1 -1.6180339887499293 2.6180339887500073] face
[961 1026 956 1065 1066 1067 521 526 888 1058 1060 1062 918 919 1041 1042 531 895 536 1023 1027 894 1059 960 1061 535 1063 892 1064 914] [0 1 1.6180339887499382 2.618033988749981] face
[291 290 405 191 1069 192 653 906 651 1048 1050 1068 909 911 1033 189 948 655 952 406 188 404 1049 950 294 963 182 654 295 907] [0 1.6180339887499797 -2.6180339887500814 1] face
[966 392 388 1072 1073 1076 900 915 898 1058 1060 1071 918 920 1034 1035 958 902 962 390 393 387 1059 960 1070 965 1074 901 1075 916] [0 1.6180339887499438 2.6180339887499953 1] face
[538 1078 537 298 297 1083 921 908 904 1048 1052 1068 910 911 296 1080 964 926 292 1077 1079 925 1051 533 294 963 1082 528 1081 524] [0 2.6180339887497155 -1 1.6180339887498116] face
[539 1078 537 1089 1088 1090 923 917 913 1058 1062 1071 919 920 1084 1085 967 927 968 1077 1079 925 1061 535 1070 965 1087 529 1086 527] [0 2.6180339887497963 1 1.618033988749833] face
[1084 1085 1091 365 133 136 296 1080 299 288 135 127 967 927 924 363 360 615 964 926 922 377 374 614 969 293 1077 350 137 613] [0 1 0 0] face
[594 483 488 984 985 1092 278 271 262 98 238 107 227 102 971 975 509 279 591 593 506 282 980 476 234 232 106 103 1002 270] [1 -2.6180339887498794 -1.618033988749884 0] face
[932 468 470 994 995 1093 276 256 244 1097 1095 1096 257 258 973 976 500 280 929 931 499 283 990 458 1009 473 1094 284 1008 254] [1 -2.618033988749892 1.618033988749896 0] face
[937 935 977 1029 1028 1103 1019 1018 1101 1100 1099 1104 1098 1102 1024 1044 1014 1043 942 941 939 1105 992 982 996 986 1107 1106 997 987] [1 -1.6180339887498572 0 2.6180339887498465] face
[951 947 1016 191 1069 193 235 1003 239 1111 1110 1112 1108 1109 1033 190 1001 237 949 952 945 179 1049 999 1053 1021 194 240 1054 1020] [1 0 -2.6180339887499313 1.618033988749919] face
[961 957 1026 1072 1073 1120 1011 1010 1113 1119 1118 1122 1114 1115 1034 1037 1006 1036 959 962 955 1116 1059 1004 1063 1031 1121 1117 1064 1030] [1 0 2.6180339887497888 1.6180339887498336] face
[539 538 1078 1065 1066 1126 1055 1056 1124 1132 1130 1131 1128 1129 1041 1046 1039 1045 532 536 534 1123 1061 1051 1087 1082 1127 1125 1086 1081] [1 1.6180339887498618 0 2.6180339887498443] face
[966 389 392 1089 1088 1135 134 153 120 1134 1133 1136 157 158 1084 1091 365 136 969 968 364 138 1070 354 1074 394 1137 139 1075 155] [1 2.618033988750101 1.618033988750049 0] face
[109 285 104 994 998 1093 984 988 1092 1100 1140 1099 1138 1098 974 976 972 975 978 281 283 282 1141 110 996 986 1094 106 1139 108] [1.6180339887499071 -2.618033988749885 0 1] face
[112 111 1144 1018 1022 1101 1003 236 239 985 988 1092 99 238 107 1000 983 981 1108 1109 1143 1138 1098 1102 241 108 1020 987 1002 1142] [1 -1 -1 1] face
[1150 1149 1151 1028 1032 1103 1010 1012 1113 995 998 1093 1145 1095 1096 1005 993 991 1114 1115 1148 1140 1099 1104 1146 1139 1030 997 1008 1147] [1 -1 1 1] face
[47 1152 45 1011 1012 1113 323 255 248 1097 1145 1095 259 257 1007 1036 472 325 471 1038 1116 327 1153 46 1009 473 1117 43 1146 41] [1.6180339887499555 -1 2.618033988749936 0] face
[1155 1154 1159 1055 1057 1124 1019 1022 1101 1111 1110 1156 1108 1143 1040 1045 1015 1043 1017 1047 1123 1105 1053 1021 1125 1106 1160 1158 1157 1142] [1.6180339887500703 0 -1 2.6180339887500366] face
[1155 1154 1164 1065 1067 1126 1029 1032 1103 1119 1118 1161 1114 1148 1042 1046 1025 1044 1027 1047 1123 1105 1063 1031 1127 1107 1165 1163 1162 1147] [1.618033988750003 0 1 2.6180339887499886] face
[48 1152 45 1072 1076 1120 316 156 150 1134 1167 1133 159 157 1035 1037 391 326 393 1038 1116 327 1168 49 1074 394 1121 44 1166 36] [1.6180339887497892 1 2.6180339887496915 0] face
[1172 1173 1171 1056 1057 1124 1069 192 193 297 1083 300 196 183 301 1050 1052 1068 1110 1112 1156 1169 1128 1129 195 1170 1054 1081 295 1157] [1 1 -1 1] face
[1177 1178 1176 1066 1067 1126 1073 1076 1120 1088 1090 1135 1167 1133 1136 1060 1062 1071 1118 1122 1161 1174 1130 1131 1166 1175 1064 1086 1075 1162] [1 1 1 1] face
[1181 141 140 1089 1090 1135 298 1083 300 1132 1174 1130 1169 1128 1085 1091 1080 299 1079 137 138 128 1180 1179 1087 1082 1137 302 1175 1170] [1.6180339887505732 2.618033988750296 0 1] face
[109 105 285 1182 1150 1149 32 42 91 1097 1145 1096 259 258 1184 1183 51 96 50 114 113 82 1153 46 1141 95 1094 284 1139 245] [2.618033988749816 -1.618033988749828 1 0] face
[1154 1164 1159 1182 1149 1151 115 111 1144 1100 1140 1104 1138 1102 1183 1188 116 1186 113 1189 1187 1185 1141 110 1107 1106 1163 1158 1147 1142] [2.618033988749936 -1 0 1.618033988749966] face
[69 75 180 1190 1172 1171 115 112 1144 1111 1112 1156 1109 1143 1192 1191 117 1186 78 77 61 1185 197 100 194 240 1160 1158 195 241] [2.6180339887498434 0 -1.6180339887498894 1] face
[48 47 1152 1193 1177 1176 1182 1150 1151 1119 1122 1161 1115 1148 1195 1194 1184 1188 53 52 50 1187 1168 1153 1121 1117 1165 1163 1166 1146] [2.6180339887496413 0 1.6180339887499116 1] face
[1155 1164 1159 1193 1178 1176 1190 1173 1171 1132 1174 1131 1169 1129 1198 1194 1197 1191 1196 1189 1187 1185 1180 1179 1127 1125 1165 1160 1162 1157] [2.61803398874952 1 0 1.6180339887498218] face
[1181 142 140 1190 1172 1173 8 66 23 184 196 301 163 169 1192 1197 79 28 77 1199 1196 27 197 70 1179 16 302 129 1170 125] [2.618033988749602 1.6180339887499624 -1 0] face
[1181 142 141 1193 1177 1178 3 37 20 1134 1167 1136 159 158 1195 1198 54 29 52 1199 1196 27 1168 49 1180 17 1137 139 1175 121] [2.618033988749529 1.6180339887498905 1 0] face
[1195 1198 1194 54 29 4 1192 1197 1191 79 28 9 1184 1183 1188 51 96 33 117 116 1186 62 83 58 53 78 1199 114 1189 12] [1 0 0 0] face
]
shape [0.5 0.5 0.5 0.5] translate [0.5 0.5 0.5 0.5] aligncenter "the120cell" def

