[
[0 1.4142135623730954 2.8284271247461907 2.8284271247461907]
[0 1.4142135623730954 2.8284271247461907 -2.8284271247461907]
[0 1.4142135623730954 -2.8284271247461907 2.8284271247461907]
[0 1.4142135623730954 -2.8284271247461907 -2.8284271247461907]
[0 -1.4142135623730954 2.8284271247461907 2.8284271247461907]
[0 -1.4142135623730954 2.8284271247461907 -2.8284271247461907]
[0 -1.4142135623730954 -2.8284271247461907 2.8284271247461907]
[0 -1.4142135623730954 -2.8284271247461907 -2.8284271247461907]
[0 2.8284271247461907 1.4142135623730954 2.8284271247461907]
[0 2.8284271247461907 1.4142135623730954 -2.8284271247461907]
[0 2.8284271247461907 -1.4142135623730954 2.8284271247461907]
[0 2.8284271247461907 -1.4142135623730954 -2.8284271247461907]
[0 -2.8284271247461907 1.4142135623730954 2.8284271247461907]
[0 -2.8284271247461907 1.4142135623730954 -2.8284271247461907]
[0 -2.8284271247461907 -1.4142135623730954 2.8284271247461907]
[0 -2.8284271247461907 -1.4142135623730954 -2.8284271247461907]
[0 2.8284271247461907 2.8284271247461907 1.4142135623730954]
[0 2.8284271247461907 2.8284271247461907 -1.4142135623730954]
[0 2.8284271247461907 -2.8284271247461907 1.4142135623730954]
[0 2.8284271247461907 -2.8284271247461907 -1.4142135623730954]
[0 -2.8284271247461907 2.8284271247461907 1.4142135623730954]
[0 -2.8284271247461907 2.8284271247461907 -1.4142135623730954]
[0 -2.8284271247461907 -2.8284271247461907 1.4142135623730954]
[0 -2.8284271247461907 -2.8284271247461907 -1.4142135623730954]
[1.4142135623730954 0 2.8284271247461907 2.8284271247461907]
[1.4142135623730954 0 2.8284271247461907 -2.8284271247461907]
[1.4142135623730954 0 -2.8284271247461907 2.8284271247461907]
[1.4142135623730954 0 -2.8284271247461907 -2.8284271247461907]
[-1.4142135623730954 0 2.8284271247461907 2.8284271247461907]
[-1.4142135623730954 0 2.8284271247461907 -2.8284271247461907]
[-1.4142135623730954 0 -2.8284271247461907 2.8284271247461907]
[-1.4142135623730954 0 -2.8284271247461907 -2.8284271247461907]
[1.4142135623730954 2.8284271247461907 0 2.8284271247461907]
[1.4142135623730954 2.8284271247461907 0 -2.8284271247461907]
[1.4142135623730954 -2.8284271247461907 0 2.8284271247461907]
[1.4142135623730954 -2.8284271247461907 0 -2.8284271247461907]
[-1.4142135623730954 2.8284271247461907 0 2.8284271247461907]
[-1.4142135623730954 2.8284271247461907 0 -2.8284271247461907]
[-1.4142135623730954 -2.8284271247461907 0 2.8284271247461907]
[-1.4142135623730954 -2.8284271247461907 0 -2.8284271247461907]
[1.4142135623730954 2.8284271247461907 2.8284271247461907 0]
[1.4142135623730954 2.8284271247461907 -2.8284271247461907 0]
[1.4142135623730954 -2.8284271247461907 2.8284271247461907 0]
[1.4142135623730954 -2.8284271247461907 -2.8284271247461907 0]
[-1.4142135623730954 2.8284271247461907 2.8284271247461907 0]
[-1.4142135623730954 2.8284271247461907 -2.8284271247461907 0]
[-1.4142135623730954 -2.8284271247461907 2.8284271247461907 0]
[-1.4142135623730954 -2.8284271247461907 -2.8284271247461907 0]
[2.8284271247461907 0 1.4142135623730954 2.8284271247461907]
[2.8284271247461907 0 1.4142135623730954 -2.8284271247461907]
[2.8284271247461907 0 -1.4142135623730954 2.8284271247461907]
[2.8284271247461907 0 -1.4142135623730954 -2.8284271247461907]
[-2.8284271247461907 0 1.4142135623730954 2.8284271247461907]
[-2.8284271247461907 0 1.4142135623730954 -2.8284271247461907]
[-2.8284271247461907 0 -1.4142135623730954 2.8284271247461907]
[-2.8284271247461907 0 -1.4142135623730954 -2.8284271247461907]
[2.8284271247461907 0 2.8284271247461907 1.4142135623730954]
[2.8284271247461907 0 2.8284271247461907 -1.4142135623730954]
[2.8284271247461907 0 -2.8284271247461907 1.4142135623730954]
[2.8284271247461907 0 -2.8284271247461907 -1.4142135623730954]
[-2.8284271247461907 0 2.8284271247461907 1.4142135623730954]
[-2.8284271247461907 0 2.8284271247461907 -1.4142135623730954]
[-2.8284271247461907 0 -2.8284271247461907 1.4142135623730954]
[-2.8284271247461907 0 -2.8284271247461907 -1.4142135623730954]
[2.8284271247461907 1.4142135623730954 0 2.8284271247461907]
[2.8284271247461907 1.4142135623730954 0 -2.8284271247461907]
[2.8284271247461907 -1.4142135623730954 0 2.8284271247461907]
[2.8284271247461907 -1.4142135623730954 0 -2.8284271247461907]
[-2.8284271247461907 1.4142135623730954 0 2.8284271247461907]
[-2.8284271247461907 1.4142135623730954 0 -2.8284271247461907]
[-2.8284271247461907 -1.4142135623730954 0 2.8284271247461907]
[-2.8284271247461907 -1.4142135623730954 0 -2.8284271247461907]
[2.8284271247461907 1.4142135623730954 2.8284271247461907 0]
[2.8284271247461907 1.4142135623730954 -2.8284271247461907 0]
[2.8284271247461907 -1.4142135623730954 2.8284271247461907 0]
[2.8284271247461907 -1.4142135623730954 -2.8284271247461907 0]
[-2.8284271247461907 1.4142135623730954 2.8284271247461907 0]
[-2.8284271247461907 1.4142135623730954 -2.8284271247461907 0]
[-2.8284271247461907 -1.4142135623730954 2.8284271247461907 0]
[-2.8284271247461907 -1.4142135623730954 -2.8284271247461907 0]
[2.8284271247461907 2.8284271247461907 0 1.4142135623730954]
[2.8284271247461907 2.8284271247461907 0 -1.4142135623730954]
[2.8284271247461907 -2.8284271247461907 0 1.4142135623730954]
[2.8284271247461907 -2.8284271247461907 0 -1.4142135623730954]
[-2.8284271247461907 2.8284271247461907 0 1.4142135623730954]
[-2.8284271247461907 2.8284271247461907 0 -1.4142135623730954]
[-2.8284271247461907 -2.8284271247461907 0 1.4142135623730954]
[-2.8284271247461907 -2.8284271247461907 0 -1.4142135623730954]
[2.8284271247461907 2.8284271247461907 1.4142135623730954 0]
[2.8284271247461907 2.8284271247461907 -1.4142135623730954 0]
[2.8284271247461907 -2.8284271247461907 1.4142135623730954 0]
[2.8284271247461907 -2.8284271247461907 -1.4142135623730954 0]
[-2.8284271247461907 2.8284271247461907 1.4142135623730954 0]
[-2.8284271247461907 2.8284271247461907 -1.4142135623730954 0]
[-2.8284271247461907 -2.8284271247461907 1.4142135623730954 0]
[-2.8284271247461907 -2.8284271247461907 -1.4142135623730954 0]
][
2 26 edge
2 10 edge
26 50 edge
32 64 edge
10 32 edge
50 64 edge
2 18 edge
26 58 edge
41 73 edge
18 41 edge
58 73 edge
10 18 edge
50 58 edge
41 89 edge
73 89 edge
32 80 edge
64 80 edge
80 89 edge
6 30 edge
2 30 edge
6 26 edge
54 70 edge
52 70 edge
54 68 edge
52 68 edge
38 70 edge
30 54 edge
14 38 edge
6 14 edge
28 52 edge
12 38 edge
4 12 edge
4 28 edge
36 68 edge
10 36 edge
0 28 edge
0 8 edge
8 36 edge
14 34 edge
12 34 edge
34 66 edge
50 66 edge
4 24 edge
24 48 edge
48 66 edge
0 24 edge
8 32 edge
48 64 edge
7 23 edge
23 43 edge
43 75 edge
7 27 edge
27 59 edge
59 75 edge
31 63 edge
63 77 edge
45 77 edge
3 31 edge
3 19 edge
19 45 edge
63 79 edge
47 79 edge
23 47 edge
7 31 edge
62 79 edge
62 77 edge
30 62 edge
22 47 edge
6 22 edge
18 45 edge
22 43 edge
58 75 edge
3 27 edge
19 41 edge
59 73 edge
35 83 edge
35 67 edge
67 83 edge
13 21 edge
5 13 edge
5 21 edge
42 90 edge
13 35 edge
21 42 edge
83 90 edge
42 74 edge
74 90 edge
5 25 edge
25 49 edge
49 67 edge
25 57 edge
57 74 edge
49 57 edge
15 23 edge
7 15 edge
43 91 edge
15 35 edge
83 91 edge
75 91 edge
27 51 edge
51 67 edge
51 59 edge
69 85 edge
37 69 edge
37 85 edge
53 61 edge
29 53 edge
29 61 edge
76 92 edge
53 69 edge
61 76 edge
85 92 edge
44 76 edge
44 92 edge
1 29 edge
1 9 edge
9 37 edge
1 17 edge
17 44 edge
9 17 edge
55 63 edge
31 55 edge
77 93 edge
55 69 edge
85 93 edge
45 93 edge
3 11 edge
11 37 edge
11 19 edge
71 87 edge
39 87 edge
39 71 edge
78 94 edge
87 94 edge
53 71 edge
61 78 edge
46 94 edge
46 78 edge
13 39 edge
21 46 edge
5 29 edge
79 95 edge
87 95 edge
55 71 edge
47 95 edge
15 39 edge
70 86 edge
54 62 edge
86 95 edge
52 60 edge
86 94 edge
60 78 edge
68 84 edge
84 93 edge
60 76 edge
84 92 edge
38 86 edge
14 22 edge
28 60 edge
12 20 edge
20 46 edge
4 20 edge
36 84 edge
0 16 edge
16 44 edge
8 16 edge
34 82 edge
82 91 edge
20 42 edge
82 90 edge
66 82 edge
24 56 edge
56 74 edge
48 56 edge
1 25 edge
33 65 edge
11 33 edge
51 65 edge
9 33 edge
49 65 edge
40 72 edge
17 40 edge
57 72 edge
16 40 edge
56 72 edge
33 81 edge
65 81 edge
81 89 edge
40 88 edge
72 88 edge
81 88 edge
80 88 edge
][
[1 6 0 11 4 9 2 7 3 15 8 13 12 5 10 16 14 17] [1 1 -1 1] face
[36 45 35 1 0 19 31 42 32 28 20 18 46 37 4 34 39 30 38 27 43 2 29 26 3 40 33 25 47 44 5 41 24 22 23 21] [0 0 0 1] face
[6 0 19 58 72 57 68 20 18 48 51 63 9 69 73 59 70 67 49 62 7 52 66 54 8 50 56 61 10 71 74 53 65 64 55 60] [0 0 -1 0] face
[79 80 87 78 82 83 88 90 76 75 85 81 92 89 91 77 86 84] [1 -1 1 -1] face
[94 48 51 93 96 49 99 52 76 75 50 95 101 100 53 77 98 97] [1 -1 -1 -1] face
[115 117 114 119 116 118 106 107 103 104 112 113 105 109 110 102 108 111] [-1 1 1 -1] face
[126 58 57 128 127 59 121 54 103 104 56 125 120 123 55 102 122 124] [-1 1 -1 -1] face
[79 80 140 78 138 139 106 107 131 130 137 136 105 134 135 129 132 133] [-1 -1 1 -1] face
[94 48 63 93 145 62 121 54 131 130 61 144 120 143 60 129 141 142] [-1 -1 -1 -1] face
[149 24 22 105 109 134 147 23 21 120 123 143 154 151 110 135 65 64 55 60 152 102 146 129 108 122 132 141 155 153 111 124 150 148 133 142] [-1 0 0 0] face
[28 68 18 157 27 67 26 66 25 156 61 144 147 21 64 146 141 148] [-1 -1 -1 1] face
[31 161 32 159 30 160 29 158 25 156 137 136 149 22 151 146 132 150] [-1 -1 1 1] face
[1 6 19 11 34 69 26 66 33 162 56 125 147 23 65 152 122 153] [-1 1 -1 1] face
[36 163 35 165 37 164 29 158 33 162 112 113 149 24 154 152 108 155] [-1 1 1 1] face
[159 39 30 78 82 138 157 38 27 93 96 145 168 160 83 139 70 67 49 62 166 75 156 130 81 95 136 144 169 167 84 97 150 148 133 142] [0 -1 0 0] face
[28 68 20 157 38 70 2 7 40 166 50 95 12 41 71 170 98 167] [1 -1 -1 1] face
[31 161 42 159 39 168 43 171 40 166 85 81 173 44 172 170 86 169] [1 -1 1 1] face
[115 174 114 126 72 57 79 87 140 94 51 63 178 116 176 127 82 138 96 145 88 99 106 121 175 76 103 131 179 89 177 100 109 134 123 143] [0 0 0 -1] face
[163 45 35 117 174 114 161 42 32 80 87 140 183 164 181 118 168 160 83 139 171 90 158 107 180 85 112 137 184 172 182 91 154 151 110 135] [0 0 1 0] face
[126 58 72 128 176 73 99 52 175 185 8 13 101 177 74 186 14 187] [1 1 -1 -1] face
[115 117 174 119 178 181 88 90 175 185 180 188 92 179 182 186 189 190] [1 1 1 -1] face
[36 163 45 165 46 183 43 171 3 15 180 188 173 47 184 16 189 191] [1 1 1 1] face
[165 46 37 119 178 116 11 4 34 128 176 127 183 164 181 118 9 69 73 59 15 185 162 104 188 13 113 125 191 17 190 187 155 153 111 124] [0 1 0 0] face
[173 47 44 92 179 89 12 5 41 101 177 100 184 172 182 91 10 71 74 53 16 186 170 77 189 14 86 98 191 17 190 187 169 167 84 97] [1 0 0 0] face
]
shape [0.5 0.5 0.5 0.5] translate [0.5 0.5 0.5 0.5] aligncenter "bitruncated-tesseract" def

