[
[-0.8284271247461901 -1.1715728752538095 -0.8284271247461901 0]
[-0.8284271247461901 -0.8284271247461901 -1.1715728752538095 0]
[-1.17157287525381 -0.8284271247461901 -0.8284271247461901 0]
[-0.5857864376269047 -0.5857864376269047 -1.4142135623730954 -0.24264068711928558]
[-0.5857864376269047 -1.4142135623730954 -0.5857864376269047 -0.24264068711928558]
[-0.8284271247461901 -1.1715728752538095 0 -0.8284271247461901]
[-0.8284271247461901 -0.8284271247461901 0 -1.1715728752538095]
[-1.17157287525381 -0.8284271247461901 0 -0.8284271247461901]
[-0.5857864376269047 -0.5857864376269047 -0.24264068711928558 -1.4142135623730954]
[-0.5857864376269047 -1.4142135623730954 -0.24264068711928558 -0.5857864376269047]
[-0.8284271247461901 0 -1.1715728752538095 -0.8284271247461901]
[-0.8284271247461901 0 -0.8284271247461901 -1.1715728752538095]
[-1.17157287525381 0 -0.8284271247461901 -0.8284271247461901]
[-0.5857864376269047 -0.24264068711928558 -0.5857864376269047 -1.4142135623730954]
[-0.5857864376269047 -0.24264068711928558 -1.4142135623730954 -0.5857864376269047]
[-0.24264068711928544 -1.4142135623730954 -0.5857864376269047 -0.5857864376269047]
[0 -1.17157287525381 -0.8284271247461901 -0.8284271247461901]
[-0.24264068711928544 -0.5857864376269047 -1.4142135623730954 -0.5857864376269047]
[0 -0.8284271247461901 -1.17157287525381 -0.8284271247461901]
[-0.24264068711928544 -0.5857864376269047 -0.5857864376269047 -1.4142135623730954]
[0 -0.8284271247461901 -0.8284271247461901 -1.17157287525381]
[-0.8284271247461901 -1.1715728752538095 0.8284271247461901 0]
[-0.8284271247461901 -0.8284271247461901 1.1715728752538095 0]
[-1.17157287525381 -0.8284271247461901 0.8284271247461901 0]
[-0.5857864376269047 -0.5857864376269047 1.4142135623730954 -0.24264068711928558]
[-0.5857864376269047 -1.4142135623730954 0.5857864376269047 -0.24264068711928558]
[-0.8284271247461901 0 0.8284271247461901 -1.1715728752538095]
[-0.8284271247461901 0 1.1715728752538095 -0.8284271247461901]
[-1.17157287525381 0 0.8284271247461901 -0.8284271247461901]
[-0.5857864376269047 -0.24264068711928558 1.4142135623730954 -0.5857864376269047]
[-0.5857864376269047 -0.24264068711928558 0.5857864376269047 -1.4142135623730954]
[-0.24264068711928544 -1.4142135623730954 0.5857864376269047 -0.5857864376269047]
[-0.5857864376269047 -1.4142135623730954 0.24264068711928558 -0.5857864376269047]
[0 -1.17157287525381 0.8284271247461901 -0.8284271247461901]
[-0.24264068711928544 -0.5857864376269047 0.5857864376269047 -1.4142135623730954]
[-0.5857864376269047 -0.5857864376269047 0.24264068711928558 -1.4142135623730954]
[0 -0.8284271247461901 0.8284271247461901 -1.17157287525381]
[-0.24264068711928544 -0.5857864376269047 1.4142135623730954 -0.5857864376269047]
[0 -0.8284271247461901 1.17157287525381 -0.8284271247461901]
[-0.8284271247461901 0.8284271247461901 -1.1715728752538095 0]
[-0.8284271247461901 1.1715728752538095 -0.8284271247461901 0]
[-1.17157287525381 0.8284271247461901 -0.8284271247461901 0]
[-0.5857864376269047 1.4142135623730954 -0.5857864376269047 -0.24264068711928558]
[-0.5857864376269047 0.5857864376269047 -1.4142135623730954 -0.24264068711928558]
[-0.8284271247461901 0.8284271247461901 0 -1.1715728752538095]
[-0.8284271247461901 1.1715728752538095 0 -0.8284271247461901]
[-1.17157287525381 0.8284271247461901 0 -0.8284271247461901]
[-0.5857864376269047 1.4142135623730954 -0.24264068711928558 -0.5857864376269047]
[-0.5857864376269047 0.5857864376269047 -0.24264068711928558 -1.4142135623730954]
[-0.24264068711928544 0.5857864376269047 -1.4142135623730954 -0.5857864376269047]
[-0.5857864376269047 0.24264068711928558 -1.4142135623730954 -0.5857864376269047]
[0 0.8284271247461901 -1.17157287525381 -0.8284271247461901]
[-0.24264068711928544 0.5857864376269047 -0.5857864376269047 -1.4142135623730954]
[-0.5857864376269047 0.24264068711928558 -0.5857864376269047 -1.4142135623730954]
[0 0.8284271247461901 -0.8284271247461901 -1.17157287525381]
[-0.24264068711928544 1.4142135623730954 -0.5857864376269047 -0.5857864376269047]
[0 1.17157287525381 -0.8284271247461901 -0.8284271247461901]
[-0.8284271247461901 0.8284271247461901 1.1715728752538095 0]
[-0.8284271247461901 1.1715728752538095 0.8284271247461901 0]
[-1.17157287525381 0.8284271247461901 0.8284271247461901 0]
[-0.5857864376269047 1.4142135623730954 0.5857864376269047 -0.24264068711928558]
[-0.5857864376269047 0.5857864376269047 1.4142135623730954 -0.24264068711928558]
[-0.24264068711928544 0.5857864376269047 0.5857864376269047 -1.4142135623730954]
[-0.5857864376269047 0.24264068711928558 0.5857864376269047 -1.4142135623730954]
[-0.5857864376269047 0.5857864376269047 0.24264068711928558 -1.4142135623730954]
[0 0.8284271247461901 0.8284271247461901 -1.17157287525381]
[-0.24264068711928544 0.5857864376269047 1.4142135623730954 -0.5857864376269047]
[-0.5857864376269047 0.24264068711928558 1.4142135623730954 -0.5857864376269047]
[0 0.8284271247461901 1.17157287525381 -0.8284271247461901]
[-0.24264068711928544 1.4142135623730954 0.5857864376269047 -0.5857864376269047]
[-0.5857864376269047 1.4142135623730954 0.24264068711928558 -0.5857864376269047]
[0 1.17157287525381 0.8284271247461901 -0.8284271247461901]
[0.5857864376269047 -1.4142135623730947 -0.5857864376269047 -0.24264068711928533]
[0.5857864376269047 -1.4142135623730947 -0.24264068711928533 -0.5857864376269047]
[0.24264068711928535 -1.4142135623730954 -0.5857864376269047 -0.5857864376269047]
[0.5857864376269047 -1.4142135623730954 0.24264068711928535 -0.5857864376269047]
[0.5857864376269047 -1.4142135623730954 -0.5857864376269047 0.24264068711928535]
[0.5857864376269047 -1.4142135623730947 -0.24264068711928533 0.5857864376269047]
[0.24264068711928535 -1.4142135623730954 -0.5857864376269047 0.5857864376269047]
[0.5857864376269047 -1.4142135623730954 0.24264068711928535 0.5857864376269047]
[0.5857864376269047 -1.4142135623730947 0.5857864376269047 -0.24264068711928533]
[0.24264068711928535 -1.4142135623730954 0.5857864376269047 -0.5857864376269047]
[0.5857864376269047 -1.4142135623730954 0.5857864376269047 0.24264068711928535]
[0.24264068711928535 -1.4142135623730954 0.5857864376269047 0.5857864376269047]
[0.5857864376269047 -0.5857864376269047 -0.24264068711928533 -1.4142135623730947]
[0.5857864376269047 -0.24264068711928533 -0.5857864376269047 -1.4142135623730947]
[0.24264068711928535 -0.5857864376269047 -0.5857864376269047 -1.4142135623730954]
[0.5857864376269047 0.24264068711928535 -0.5857864376269047 -1.4142135623730954]
[0.5857864376269047 -0.5857864376269047 0.24264068711928535 -1.4142135623730954]
[0.5857864376269047 -0.24264068711928533 0.5857864376269047 -1.4142135623730947]
[0.24264068711928535 -0.5857864376269047 0.5857864376269047 -1.4142135623730954]
[0.5857864376269047 0.24264068711928535 0.5857864376269047 -1.4142135623730954]
[0.5857864376269047 0.5857864376269047 -0.24264068711928533 -1.4142135623730947]
[0.24264068711928535 0.5857864376269047 -0.5857864376269047 -1.4142135623730954]
[0.5857864376269047 0.5857864376269047 0.24264068711928535 -1.4142135623730954]
[0.24264068711928535 0.5857864376269047 0.5857864376269047 -1.4142135623730954]
[0.5857864376269047 -0.5857864376269047 1.4142135623730947 -0.24264068711928533]
[0.5857864376269047 -0.24264068711928533 1.4142135623730947 -0.5857864376269047]
[0.24264068711928535 -0.5857864376269047 1.4142135623730954 -0.5857864376269047]
[0.5857864376269047 0.24264068711928535 1.4142135623730954 -0.5857864376269047]
[0.5857864376269047 -0.5857864376269047 1.4142135623730954 0.24264068711928535]
[0.5857864376269047 -0.24264068711928533 1.4142135623730947 0.5857864376269047]
[0.24264068711928535 -0.5857864376269047 1.4142135623730954 0.5857864376269047]
[0.5857864376269047 0.24264068711928535 1.4142135623730954 0.5857864376269047]
[0.5857864376269047 0.5857864376269047 1.4142135623730947 -0.24264068711928533]
[0.24264068711928535 0.5857864376269047 1.4142135623730954 -0.5857864376269047]
[0.5857864376269047 0.5857864376269047 1.4142135623730954 0.24264068711928535]
[0.24264068711928535 0.5857864376269047 1.4142135623730954 0.5857864376269047]
[1.1715728752538095 -0.8284271247461901 -0.8284271247461901 0]
[0.8284271247461901 -1.17157287525381 -0.8284271247461901 0]
[0.8284271247461901 -0.8284271247461901 -1.17157287525381 0]
[1.4142135623730954 -0.5857864376269047 -0.5857864376269047 -0.24264068711928558]
[1.1715728752538095 -0.8284271247461901 0 -0.8284271247461901]
[0.8284271247461901 -1.17157287525381 0 -0.8284271247461901]
[0.8284271247461901 -0.8284271247461901 0 -1.17157287525381]
[1.4142135623730954 -0.5857864376269047 -0.24264068711928558 -0.5857864376269047]
[1.1715728752538095 0 -0.8284271247461901 -0.8284271247461901]
[0.8284271247461901 0 -1.17157287525381 -0.8284271247461901]
[0.8284271247461901 0 -0.8284271247461901 -1.17157287525381]
[1.4142135623730954 -0.24264068711928558 -0.5857864376269047 -0.5857864376269047]
[1.1715728752538095 -0.8284271247461901 0.8284271247461901 0]
[0.8284271247461901 -1.17157287525381 0.8284271247461901 0]
[0.8284271247461901 -0.8284271247461901 1.17157287525381 0]
[1.4142135623730954 -0.5857864376269047 0.5857864376269047 -0.24264068711928558]
[1.1715728752538095 0 0.8284271247461901 -0.8284271247461901]
[0.8284271247461901 0 0.8284271247461901 -1.17157287525381]
[0.8284271247461901 0 1.17157287525381 -0.8284271247461901]
[1.4142135623730954 -0.24264068711928558 0.5857864376269047 -0.5857864376269047]
[1.4142135623730954 -0.5857864376269047 0.24264068711928558 -0.5857864376269047]
[1.1715728752538095 0.8284271247461901 -0.8284271247461901 0]
[0.8284271247461901 0.8284271247461901 -1.17157287525381 0]
[0.8284271247461901 1.17157287525381 -0.8284271247461901 0]
[1.4142135623730954 0.5857864376269047 -0.5857864376269047 -0.24264068711928558]
[1.1715728752538095 0.8284271247461901 0 -0.8284271247461901]
[0.8284271247461901 0.8284271247461901 0 -1.17157287525381]
[0.8284271247461901 1.17157287525381 0 -0.8284271247461901]
[1.4142135623730954 0.5857864376269047 -0.24264068711928558 -0.5857864376269047]
[1.4142135623730954 0.24264068711928558 -0.5857864376269047 -0.5857864376269047]
[1.1715728752538095 0.8284271247461901 0.8284271247461901 0]
[0.8284271247461901 0.8284271247461901 1.17157287525381 0]
[0.8284271247461901 1.17157287525381 0.8284271247461901 0]
[1.4142135623730954 0.5857864376269047 0.5857864376269047 -0.24264068711928558]
[1.4142135623730954 0.24264068711928558 0.5857864376269047 -0.5857864376269047]
[1.4142135623730954 0.5857864376269047 0.24264068711928558 -0.5857864376269047]
[1.4142135623730954 0.5857864376269047 0.5857864376269047 0.24264068711928558]
[1.4142135623730954 0.5857864376269047 0.24264068711928558 0.5857864376269047]
[1.4142135623730954 0.24264068711928558 0.5857864376269047 0.5857864376269047]
[1.4142135623730954 0.5857864376269047 -0.5857864376269047 0.24264068711928558]
[1.4142135623730954 0.24264068711928558 -0.5857864376269047 0.5857864376269047]
[1.4142135623730954 0.5857864376269047 -0.24264068711928558 0.5857864376269047]
[0.8284271247461901 1.17157287525381 0 0.8284271247461901]
[0.8284271247461901 0.8284271247461901 0 1.17157287525381]
[1.1715728752538095 0.8284271247461901 0 0.8284271247461901]
[1.4142135623730954 -0.5857864376269047 0.5857864376269047 0.24264068711928558]
[1.4142135623730954 -0.5857864376269047 0.24264068711928558 0.5857864376269047]
[1.4142135623730954 -0.24264068711928558 0.5857864376269047 0.5857864376269047]
[0.8284271247461901 0 1.17157287525381 0.8284271247461901]
[0.8284271247461901 0 0.8284271247461901 1.17157287525381]
[1.1715728752538095 0 0.8284271247461901 0.8284271247461901]
[1.4142135623730954 -0.5857864376269047 -0.5857864376269047 0.24264068711928558]
[1.4142135623730954 -0.24264068711928558 -0.5857864376269047 0.5857864376269047]
[0.8284271247461901 0 -0.8284271247461901 1.17157287525381]
[0.8284271247461901 0 -1.17157287525381 0.8284271247461901]
[1.1715728752538095 0 -0.8284271247461901 0.8284271247461901]
[1.4142135623730954 -0.5857864376269047 -0.24264068711928558 0.5857864376269047]
[0.8284271247461901 -0.8284271247461901 0 1.17157287525381]
[0.8284271247461901 -1.17157287525381 0 0.8284271247461901]
[1.1715728752538095 -0.8284271247461901 0 0.8284271247461901]
[0.24264068711928535 1.4142135623730954 0.5857864376269047 0.5857864376269047]
[0.5857864376269047 1.4142135623730954 0.5857864376269047 0.24264068711928535]
[0.24264068711928535 1.4142135623730954 0.5857864376269047 -0.5857864376269047]
[0.5857864376269047 1.4142135623730947 0.5857864376269047 -0.24264068711928533]
[0.5857864376269047 1.4142135623730954 0.24264068711928535 0.5857864376269047]
[0.24264068711928535 1.4142135623730954 -0.5857864376269047 0.5857864376269047]
[0.5857864376269047 1.4142135623730947 -0.24264068711928533 0.5857864376269047]
[0.5857864376269047 1.4142135623730954 -0.5857864376269047 0.24264068711928535]
[0.5857864376269047 1.4142135623730954 0.24264068711928535 -0.5857864376269047]
[0.24264068711928535 1.4142135623730954 -0.5857864376269047 -0.5857864376269047]
[0.5857864376269047 1.4142135623730947 -0.24264068711928533 -0.5857864376269047]
[0.5857864376269047 1.4142135623730947 -0.5857864376269047 -0.24264068711928533]
[0.24264068711928535 0.5857864376269047 0.5857864376269047 1.4142135623730954]
[0.5857864376269047 0.5857864376269047 0.24264068711928535 1.4142135623730954]
[0.24264068711928535 0.5857864376269047 -0.5857864376269047 1.4142135623730954]
[0.5857864376269047 0.5857864376269047 -0.24264068711928533 1.4142135623730947]
[0.5857864376269047 0.24264068711928535 0.5857864376269047 1.4142135623730954]
[0.24264068711928535 -0.5857864376269047 0.5857864376269047 1.4142135623730954]
[0.5857864376269047 -0.24264068711928533 0.5857864376269047 1.4142135623730947]
[0.5857864376269047 -0.5857864376269047 0.24264068711928535 1.4142135623730954]
[0.5857864376269047 0.24264068711928535 -0.5857864376269047 1.4142135623730954]
[0.24264068711928535 -0.5857864376269047 -0.5857864376269047 1.4142135623730954]
[0.5857864376269047 -0.24264068711928533 -0.5857864376269047 1.4142135623730947]
[0.5857864376269047 -0.5857864376269047 -0.24264068711928533 1.4142135623730947]
[0.24264068711928535 0.5857864376269047 -1.4142135623730954 0.5857864376269047]
[0.5857864376269047 0.5857864376269047 -1.4142135623730954 0.24264068711928535]
[0.24264068711928535 0.5857864376269047 -1.4142135623730954 -0.5857864376269047]
[0.5857864376269047 0.5857864376269047 -1.4142135623730947 -0.24264068711928533]
[0.5857864376269047 0.24264068711928535 -1.4142135623730954 0.5857864376269047]
[0.24264068711928535 -0.5857864376269047 -1.4142135623730954 0.5857864376269047]
[0.5857864376269047 -0.24264068711928533 -1.4142135623730947 0.5857864376269047]
[0.5857864376269047 -0.5857864376269047 -1.4142135623730954 0.24264068711928535]
[0.5857864376269047 0.24264068711928535 -1.4142135623730954 -0.5857864376269047]
[0.24264068711928535 -0.5857864376269047 -1.4142135623730954 -0.5857864376269047]
[0.5857864376269047 -0.24264068711928533 -1.4142135623730947 -0.5857864376269047]
[0.5857864376269047 -0.5857864376269047 -1.4142135623730947 -0.24264068711928533]
[0 1.17157287525381 0.8284271247461901 0.8284271247461901]
[-0.5857864376269047 1.4142135623730954 0.5857864376269047 0.24264068711928558]
[-0.5857864376269047 1.4142135623730954 0.24264068711928558 0.5857864376269047]
[-0.24264068711928544 1.4142135623730954 0.5857864376269047 0.5857864376269047]
[0 0.8284271247461901 1.17157287525381 0.8284271247461901]
[-0.5857864376269047 0.5857864376269047 1.4142135623730954 0.24264068711928558]
[-0.5857864376269047 0.24264068711928558 1.4142135623730954 0.5857864376269047]
[-0.24264068711928544 0.5857864376269047 1.4142135623730954 0.5857864376269047]
[0 0.8284271247461901 0.8284271247461901 1.17157287525381]
[-0.5857864376269047 0.5857864376269047 0.24264068711928558 1.4142135623730954]
[-0.5857864376269047 0.24264068711928558 0.5857864376269047 1.4142135623730954]
[-0.24264068711928544 0.5857864376269047 0.5857864376269047 1.4142135623730954]
[0 1.17157287525381 -0.8284271247461901 0.8284271247461901]
[-0.5857864376269047 1.4142135623730954 -0.5857864376269047 0.24264068711928558]
[-0.24264068711928544 1.4142135623730954 -0.5857864376269047 0.5857864376269047]
[0 0.8284271247461901 -0.8284271247461901 1.17157287525381]
[-0.5857864376269047 0.24264068711928558 -0.5857864376269047 1.4142135623730954]
[-0.24264068711928544 0.5857864376269047 -0.5857864376269047 1.4142135623730954]
[0 0.8284271247461901 -1.17157287525381 0.8284271247461901]
[-0.5857864376269047 0.5857864376269047 -1.4142135623730954 0.24264068711928558]
[-0.5857864376269047 0.24264068711928558 -1.4142135623730954 0.5857864376269047]
[-0.24264068711928544 0.5857864376269047 -1.4142135623730954 0.5857864376269047]
[-0.5857864376269047 0.5857864376269047 -0.24264068711928558 1.4142135623730954]
[-0.5857864376269047 1.4142135623730954 -0.24264068711928558 0.5857864376269047]
[-1.17157287525381 0.8284271247461901 0 0.8284271247461901]
[-0.8284271247461901 1.1715728752538095 0 0.8284271247461901]
[-0.8284271247461901 0.8284271247461901 0 1.1715728752538095]
[0 -0.8284271247461901 1.17157287525381 0.8284271247461901]
[-0.5857864376269047 -0.5857864376269047 1.4142135623730954 0.24264068711928558]
[-0.24264068711928544 -0.5857864376269047 1.4142135623730954 0.5857864376269047]
[0 -0.8284271247461901 0.8284271247461901 1.17157287525381]
[-0.5857864376269047 -0.5857864376269047 0.24264068711928558 1.4142135623730954]
[-0.24264068711928544 -0.5857864376269047 0.5857864376269047 1.4142135623730954]
[0 -1.17157287525381 0.8284271247461901 0.8284271247461901]
[-0.5857864376269047 -1.4142135623730954 0.5857864376269047 0.24264068711928558]
[-0.5857864376269047 -1.4142135623730954 0.24264068711928558 0.5857864376269047]
[-0.24264068711928544 -1.4142135623730954 0.5857864376269047 0.5857864376269047]
[-0.5857864376269047 -0.24264068711928558 0.5857864376269047 1.4142135623730954]
[-0.5857864376269047 -0.24264068711928558 1.4142135623730954 0.5857864376269047]
[-1.17157287525381 0 0.8284271247461901 0.8284271247461901]
[-0.8284271247461901 0 1.1715728752538095 0.8284271247461901]
[-0.8284271247461901 0 0.8284271247461901 1.1715728752538095]
[0 -0.8284271247461901 -0.8284271247461901 1.17157287525381]
[-0.24264068711928544 -0.5857864376269047 -0.5857864376269047 1.4142135623730954]
[0 -0.8284271247461901 -1.17157287525381 0.8284271247461901]
[-0.5857864376269047 -0.5857864376269047 -1.4142135623730954 0.24264068711928558]
[-0.24264068711928544 -0.5857864376269047 -1.4142135623730954 0.5857864376269047]
[0 -1.17157287525381 -0.8284271247461901 0.8284271247461901]
[-0.5857864376269047 -1.4142135623730954 -0.5857864376269047 0.24264068711928558]
[-0.24264068711928544 -1.4142135623730954 -0.5857864376269047 0.5857864376269047]
[-0.5857864376269047 -0.24264068711928558 -1.4142135623730954 0.5857864376269047]
[-0.5857864376269047 -0.24264068711928558 -0.5857864376269047 1.4142135623730954]
[-1.17157287525381 0 -0.8284271247461901 0.8284271247461901]
[-0.8284271247461901 0 -0.8284271247461901 1.1715728752538095]
[-0.8284271247461901 0 -1.1715728752538095 0.8284271247461901]
[-0.5857864376269047 -1.4142135623730954 -0.24264068711928558 0.5857864376269047]
[-0.5857864376269047 -0.5857864376269047 -0.24264068711928558 1.4142135623730954]
[-1.17157287525381 -0.8284271247461901 0 0.8284271247461901]
[-0.8284271247461901 -0.8284271247461901 0 1.1715728752538095]
[-0.8284271247461901 -1.1715728752538095 0 0.8284271247461901]
[-1.4142135623730954 0.5857864376269047 0.5857864376269047 0.24264068711928535]
[-1.4142135623730947 0.5857864376269047 0.5857864376269047 -0.24264068711928533]
[-1.4142135623730954 0.5857864376269047 0.24264068711928535 0.5857864376269047]
[-1.4142135623730947 0.5857864376269047 -0.24264068711928533 0.5857864376269047]
[-1.4142135623730954 0.5857864376269047 -0.5857864376269047 0.24264068711928535]
[-1.4142135623730954 0.5857864376269047 0.24264068711928535 -0.5857864376269047]
[-1.4142135623730947 0.5857864376269047 -0.24264068711928533 -0.5857864376269047]
[-1.4142135623730947 0.5857864376269047 -0.5857864376269047 -0.24264068711928533]
[-1.4142135623730954 0.24264068711928535 0.5857864376269047 0.5857864376269047]
[-1.4142135623730947 -0.24264068711928533 0.5857864376269047 0.5857864376269047]
[-1.4142135623730954 -0.5857864376269047 0.5857864376269047 0.24264068711928535]
[-1.4142135623730954 0.24264068711928535 0.5857864376269047 -0.5857864376269047]
[-1.4142135623730947 -0.24264068711928533 0.5857864376269047 -0.5857864376269047]
[-1.4142135623730947 -0.5857864376269047 0.5857864376269047 -0.24264068711928533]
[-1.4142135623730954 -0.5857864376269047 0.24264068711928535 0.5857864376269047]
[-1.4142135623730954 0.24264068711928535 -0.5857864376269047 0.5857864376269047]
[-1.4142135623730947 -0.24264068711928533 -0.5857864376269047 0.5857864376269047]
[-1.4142135623730947 -0.5857864376269047 -0.24264068711928533 0.5857864376269047]
[-1.4142135623730954 -0.5857864376269047 -0.5857864376269047 0.24264068711928535]
[-1.4142135623730954 -0.5857864376269047 0.24264068711928535 -0.5857864376269047]
[-1.4142135623730954 0.24264068711928535 -0.5857864376269047 -0.5857864376269047]
[-1.4142135623730947 -0.24264068711928533 -0.5857864376269047 -0.5857864376269047]
[-1.4142135623730947 -0.5857864376269047 -0.24264068711928533 -0.5857864376269047]
[-1.4142135623730947 -0.5857864376269047 -0.5857864376269047 -0.24264068711928533]
][
2 287 edge
2 282 edge
282 287 edge
23 277 edge
23 274 edge
274 277 edge
7 286 edge
7 283 edge
283 286 edge
261 281 edge
261 278 edge
278 281 edge
0 4 edge
0 252 edge
4 252 edge
21 25 edge
21 238 edge
25 238 edge
5 9 edge
5 32 edge
9 32 edge
259 263 edge
239 263 edge
239 259 edge
0 2 edge
5 7 edge
286 287 edge
4 9 edge
261 263 edge
281 282 edge
252 259 edge
21 23 edge
277 283 edge
25 32 edge
274 278 edge
238 239 edge
108 111 edge
108 159 edge
111 159 edge
120 123 edge
120 153 edge
123 153 edge
112 115 edge
112 128 edge
115 128 edge
164 167 edge
154 167 edge
154 164 edge
72 109 edge
76 109 edge
72 76 edge
80 121 edge
82 121 edge
80 82 edge
73 113 edge
75 113 edge
73 75 edge
77 166 edge
79 166 edge
77 79 edge
108 109 edge
112 113 edge
111 115 edge
72 73 edge
166 167 edge
159 164 edge
76 77 edge
120 121 edge
123 128 edge
75 80 edge
153 154 edge
79 82 edge
129 132 edge
129 147 edge
132 147 edge
138 141 edge
138 144 edge
141 144 edge
133 136 edge
133 143 edge
136 143 edge
149 152 edge
145 152 edge
145 149 edge
131 179 edge
131 175 edge
175 179 edge
140 171 edge
140 169 edge
169 171 edge
135 178 edge
135 176 edge
176 178 edge
150 174 edge
150 172 edge
172 174 edge
129 131 edge
133 135 edge
132 136 edge
178 179 edge
150 152 edge
147 149 edge
174 175 edge
138 140 edge
141 143 edge
171 176 edge
144 145 edge
169 172 edge
41 271 edge
41 268 edge
268 271 edge
59 265 edge
59 264 edge
264 265 edge
46 270 edge
46 269 edge
269 270 edge
228 267 edge
228 266 edge
266 267 edge
40 42 edge
40 217 edge
42 217 edge
58 60 edge
58 205 edge
60 205 edge
45 47 edge
45 70 edge
47 70 edge
227 229 edge
206 229 edge
206 227 edge
40 41 edge
45 46 edge
270 271 edge
42 47 edge
228 229 edge
267 268 edge
217 227 edge
58 59 edge
265 269 edge
60 70 edge
264 266 edge
205 206 edge
12 285 edge
12 284 edge
284 285 edge
256 280 edge
256 279 edge
279 280 edge
1 3 edge
1 249 edge
3 249 edge
39 43 edge
39 223 edge
43 223 edge
10 14 edge
10 50 edge
14 50 edge
254 258 edge
224 258 edge
224 254 edge
1 2 edge
10 12 edge
285 287 edge
3 14 edge
256 258 edge
280 282 edge
249 254 edge
39 41 edge
271 284 edge
43 50 edge
268 279 edge
223 224 edge
116 119 edge
116 137 edge
119 137 edge
160 163 edge
148 163 edge
148 160 edge
110 203 edge
110 199 edge
199 203 edge
130 195 edge
130 193 edge
193 195 edge
117 202 edge
117 200 edge
200 202 edge
162 198 edge
162 196 edge
196 198 edge
108 110 edge
116 117 edge
111 119 edge
202 203 edge
162 163 edge
159 160 edge
198 199 edge
129 130 edge
132 137 edge
195 200 edge
147 148 edge
193 196 edge
124 127 edge
124 142 edge
127 142 edge
155 158 edge
146 158 edge
146 155 edge
104 139 edge
106 139 edge
104 106 edge
96 122 edge
100 122 edge
96 100 edge
97 126 edge
99 126 edge
97 99 edge
101 156 edge
103 156 edge
101 103 edge
120 122 edge
124 126 edge
123 127 edge
96 97 edge
156 158 edge
153 155 edge
100 101 edge
138 139 edge
141 142 edge
99 104 edge
144 146 edge
103 106 edge
28 276 edge
28 275 edge
275 276 edge
243 273 edge
243 272 edge
272 273 edge
57 61 edge
57 209 edge
61 209 edge
22 24 edge
22 232 edge
24 232 edge
27 29 edge
27 67 edge
29 67 edge
242 244 edge
210 244 edge
210 242 edge
22 23 edge
27 28 edge
276 277 edge
24 29 edge
243 244 edge
273 274 edge
232 242 edge
57 59 edge
265 275 edge
61 67 edge
264 272 edge
209 210 edge
6 8 edge
6 35 edge
8 35 edge
44 48 edge
44 64 edge
48 64 edge
11 13 edge
11 53 edge
13 53 edge
26 30 edge
26 63 edge
30 63 edge
6 7 edge
11 12 edge
285 286 edge
8 13 edge
26 28 edge
276 283 edge
30 35 edge
44 46 edge
270 284 edge
48 53 edge
269 275 edge
63 64 edge
84 114 edge
88 114 edge
84 88 edge
92 134 edge
94 134 edge
92 94 edge
85 118 edge
87 118 edge
85 87 edge
89 125 edge
91 125 edge
89 91 edge
112 114 edge
116 118 edge
115 119 edge
84 85 edge
124 125 edge
127 128 edge
88 89 edge
133 134 edge
136 137 edge
87 92 edge
142 143 edge
91 94 edge
151 183 edge
151 181 edge
181 183 edge
165 191 edge
165 187 edge
187 191 edge
157 186 edge
157 184 edge
184 186 edge
161 190 edge
161 188 edge
188 190 edge
165 167 edge
161 163 edge
160 164 edge
190 191 edge
157 158 edge
154 155 edge
186 187 edge
151 152 edge
148 149 edge
183 188 edge
145 146 edge
181 184 edge
226 230 edge
213 230 edge
213 226 edge
260 262 edge
235 262 edge
235 260 edge
241 245 edge
214 245 edge
214 241 edge
255 257 edge
220 257 edge
220 255 edge
261 262 edge
256 257 edge
280 281 edge
255 260 edge
243 245 edge
273 278 edge
235 241 edge
228 230 edge
267 279 edge
220 226 edge
266 272 edge
213 214 edge
15 16 edge
16 74 edge
15 74 edge
251 253 edge
78 251 edge
78 253 edge
17 18 edge
18 201 edge
17 201 edge
248 250 edge
197 248 edge
197 250 edge
0 1 edge
16 18 edge
4 15 edge
3 17 edge
248 251 edge
252 253 edge
249 250 edge
109 110 edge
72 74 edge
201 203 edge
76 78 edge
197 199 edge
55 56 edge
56 177 edge
55 177 edge
216 218 edge
173 216 edge
173 218 edge
49 51 edge
51 194 edge
49 194 edge
222 225 edge
192 222 edge
192 225 edge
39 40 edge
51 56 edge
42 55 edge
43 49 edge
216 222 edge
217 218 edge
223 225 edge
130 131 edge
177 179 edge
194 195 edge
173 175 edge
192 193 edge
69 71 edge
71 170 edge
69 170 edge
204 207 edge
168 204 edge
168 207 edge
66 68 edge
68 105 edge
66 105 edge
208 211 edge
107 208 edge
107 211 edge
57 58 edge
68 71 edge
60 69 edge
61 66 edge
204 208 edge
205 207 edge
209 211 edge
139 140 edge
170 171 edge
104 105 edge
168 169 edge
106 107 edge
31 33 edge
33 81 edge
31 81 edge
237 240 edge
83 237 edge
83 240 edge
37 38 edge
38 98 edge
37 98 edge
231 233 edge
102 231 edge
102 233 edge
21 22 edge
33 38 edge
25 31 edge
24 37 edge
231 237 edge
238 240 edge
232 233 edge
121 122 edge
80 81 edge
96 98 edge
82 83 edge
100 102 edge
19 20 edge
20 86 edge
19 86 edge
34 36 edge
36 90 edge
34 90 edge
5 6 edge
16 20 edge
9 15 edge
8 19 edge
33 36 edge
31 32 edge
34 35 edge
113 114 edge
73 74 edge
84 86 edge
75 81 edge
88 90 edge
52 54 edge
54 93 edge
52 93 edge
62 65 edge
65 95 edge
62 95 edge
44 45 edge
54 56 edge
47 55 edge
48 52 edge
65 71 edge
69 70 edge
62 64 edge
134 135 edge
177 178 edge
92 93 edge
170 176 edge
94 95 edge
212 215 edge
180 212 edge
180 215 edge
219 221 edge
182 219 edge
182 221 edge
229 230 edge
216 219 edge
218 227 edge
221 226 edge
204 212 edge
206 207 edge
213 215 edge
150 151 edge
173 174 edge
182 183 edge
168 172 edge
180 181 edge
234 236 edge
185 234 edge
185 236 edge
246 247 edge
189 246 edge
189 247 edge
262 263 edge
246 251 edge
253 259 edge
247 260 edge
234 237 edge
239 240 edge
235 236 edge
165 166 edge
77 78 edge
189 191 edge
79 83 edge
185 187 edge
10 11 edge
18 20 edge
14 17 edge
13 19 edge
51 54 edge
49 50 edge
52 53 edge
117 118 edge
201 202 edge
85 86 edge
194 200 edge
87 93 edge
26 27 edge
36 38 edge
29 37 edge
30 34 edge
65 68 edge
66 67 edge
62 63 edge
125 126 edge
97 98 edge
89 90 edge
99 105 edge
91 95 edge
244 245 edge
231 234 edge
233 242 edge
236 241 edge
208 212 edge
210 211 edge
214 215 edge
156 157 edge
101 102 edge
185 186 edge
103 107 edge
180 184 edge
257 258 edge
246 248 edge
250 254 edge
247 255 edge
219 222 edge
224 225 edge
220 221 edge
161 162 edge
197 198 edge
189 190 edge
192 196 edge
182 188 edge
][
[24 12 13 1 0 27 14 25 18 19 7 6 20 31 15 16 4 3 33 17 35 23 22 30 21 28 10 9 5 34 32 11 29 2 8 26] [-1 -1 0 0] face
[63 50 48 56 54 69 55 66 49 59 57 71 58 53 51 52 60 36 37 62 38 61 42 43 44 67 39 40 68 41 70 47 46 65 45 64] [1 -1 0 0] face
[96 72 73 85 84 98 74 97 78 79 91 90 80 103 75 76 88 87 104 77 106 83 82 101 81 100 94 93 89 107 105 95 102 86 92 99] [1 1 0 0] face
[132 120 121 109 108 135 122 133 126 127 115 114 128 139 123 124 112 111 141 125 143 131 130 138 129 136 118 117 113 142 140 119 137 110 116 134] [-1 1 0 0] face
[162 150 151 1 0 165 152 163 156 157 145 144 158 169 153 154 109 108 171 155 173 161 160 168 159 166 148 147 110 172 170 149 167 2 146 164] [-1 0 -1 0] face
[192 36 37 181 180 194 38 193 174 175 187 186 176 199 72 73 184 183 200 74 202 179 178 197 177 196 190 189 185 203 201 191 198 182 188 195] [1 0 -1 0] face
[225 215 213 218 216 231 217 228 214 221 219 233 220 212 210 211 222 39 40 224 41 223 204 205 206 229 75 76 230 77 232 209 208 227 207 226] [1 0 1 0] face
[252 243 244 4 3 255 245 253 246 247 235 234 248 259 240 241 112 111 261 242 263 251 250 258 249 256 238 237 113 262 260 239 257 5 236 254] [-1 0 1 0] face
[276 264 265 7 6 279 266 277 270 271 145 144 272 280 273 274 235 234 282 275 283 267 268 115 114 285 269 287 116 286 284 236 281 8 146 278] [-1 0 0 -1] face
[303 290 288 296 294 309 295 306 289 299 297 311 298 293 291 292 300 42 43 302 44 301 174 175 176 304 204 205 305 206 307 78 79 308 80 310] [1 0 0 -1] face
[334 83 82 209 208 332 179 178 81 331 313 312 329 47 46 207 328 319 318 177 326 325 322 321 45 324 316 315 314 335 333 320 330 317 323 327] [1 0 0 1] face
[359 338 337 344 343 357 347 346 336 355 118 117 354 341 340 342 352 238 237 345 351 349 148 147 339 348 10 9 119 358 356 239 353 11 149 350] [-1 0 0 1] face
[372 12 13 150 151 375 152 374 14 360 362 373 361 366 368 367 380 50 48 382 49 364 365 379 181 180 383 370 371 182 381 369 376 378 363 377] [0 -1 -1 0] face
[396 153 154 120 121 398 122 399 155 390 392 397 391 384 386 385 403 184 183 85 84 406 388 389 86 404 407 394 395 185 405 387 400 401 393 402] [0 1 -1 0] face
[420 240 241 123 124 422 125 423 242 414 416 421 415 408 410 409 429 212 210 431 211 418 419 427 88 87 430 412 413 89 428 411 424 425 417 426] [0 1 1 0] face
[444 15 16 243 244 447 245 446 17 432 434 445 433 438 440 439 452 53 51 454 52 436 437 453 215 213 455 214 442 443 451 441 448 450 435 449] [0 -1 1 0] face
[462 18 19 264 265 465 266 464 20 360 362 463 361 456 458 457 467 432 434 466 433 468 459 461 460 470 56 54 472 55 471 290 288 473 289 469] [0 -1 0 -1] face
[480 267 268 126 127 482 128 483 269 474 476 481 475 384 386 385 486 477 479 484 478 485 408 410 409 489 293 291 491 292 487 91 90 490 92 488] [0 1 0 -1] face
[505 94 93 313 312 508 412 413 95 506 388 389 509 493 494 314 507 496 497 411 502 503 131 130 492 504 338 337 387 499 500 495 501 336 129 498] [0 1 0 1] face
[524 59 57 364 365 526 58 436 437 523 316 315 527 511 512 317 525 514 515 510 520 522 341 340 435 521 23 22 513 517 519 363 518 21 339 516] [0 -1 0 1] face
[528 156 157 270 271 531 272 530 158 366 368 529 367 456 458 457 533 390 392 532 391 534 474 476 475 537 296 294 539 295 535 187 186 538 188 536] [0 0 -1 -1] face
[540 273 274 246 247 542 248 543 275 459 461 541 460 438 440 439 546 477 479 544 478 545 414 416 415 549 299 297 551 298 548 218 216 550 217 547] [0 0 1 -1] face
[560 221 219 442 443 562 220 418 419 559 319 318 563 493 494 320 561 511 512 417 556 557 251 250 492 558 344 343 441 553 554 510 555 342 249 552] [0 0 1 1] face
[571 322 321 190 189 575 496 497 323 573 514 515 574 394 395 191 572 370 371 495 568 570 347 346 393 569 161 160 513 565 567 369 566 159 345 564] [0 0 -1 1] face
[372 24 12 162 150 0 165 375 27 374 462 25 18 276 264 6 279 465 464 528 163 156 277 270 144 531 530 360 373 463 366 529 456 278 164 26] [-1 -1 -1 -1] face
[372 24 13 162 151 1 513 565 517 567 519 369 376 378 168 566 363 377 30 518 159 345 351 349 166 147 564 21 339 348 28 9 516 350 167 29] [-1 -1 -1 1] face
[462 25 19 276 265 7 444 31 15 252 243 3 255 447 446 33 540 280 273 253 246 234 542 543 282 467 432 466 445 468 459 541 438 254 281 32] [-1 -1 1 -1] face
[444 31 16 252 244 4 441 553 448 450 258 554 510 520 522 354 340 555 435 35 449 521 22 342 249 256 352 237 552 348 28 10 516 257 353 34] [-1 -1 1 1] face
[528 163 157 277 271 145 396 169 153 132 120 108 135 398 399 171 480 283 267 133 126 114 482 483 285 533 390 532 397 534 474 481 384 134 284 170] [-1 1 -1 -1] face
[396 169 154 132 121 109 387 499 400 401 138 500 495 568 570 357 346 501 393 173 402 569 160 336 129 136 355 117 498 349 166 148 564 137 356 172] [-1 1 -1 1] face
[540 280 274 253 247 235 480 283 268 133 127 115 420 259 240 139 123 111 422 141 423 261 546 486 477 287 544 484 545 414 421 485 408 140 260 286] [-1 1 1 -1] face
[420 259 241 139 124 112 411 424 502 143 425 503 130 417 556 263 426 557 250 492 359 504 337 558 343 136 355 118 498 256 352 238 552 142 262 358] [-1 1 1 1] face
[373 463 361 529 367 457 63 380 48 470 54 303 471 288 537 294 60 192 36 379 180 62 194 61 300 42 469 302 193 301 174 535 186 536 381 195] [1 -1 -1 -1] face
[66 382 49 524 57 364 60 192 37 379 181 197 65 177 326 571 325 321 196 189 45 523 324 315 64 573 525 514 327 572 383 370 198 565 517 376] [1 -1 -1 1] face
[466 445 433 541 460 439 69 472 55 452 51 306 473 289 549 297 225 453 213 548 216 61 300 43 469 67 222 39 451 224 68 304 223 204 547 305] [1 -1 1 -1] face
[71 526 58 454 52 436 228 455 214 560 219 442 67 222 40 451 70 227 329 46 207 559 226 328 318 523 324 316 64 561 527 511 330 553 448 520] [1 -1 1 1] face
[532 397 391 481 475 385 309 539 295 489 291 193 301 175 535 187 199 96 72 403 183 84 98 200 307 97 78 487 90 308 488 404 99 405 538 201] [1 1 -1 -1] face
[199 96 73 403 184 85 202 101 332 178 81 505 100 93 331 312 571 325 322 196 190 506 406 388 102 507 575 496 333 407 574 394 203 499 400 568] [1 1 -1 1] face
[544 484 478 421 415 409 311 551 298 491 292 231 550 217 429 210 304 223 205 547 307 97 79 487 91 229 103 75 427 87 230 104 310 428 490 105] [1 1 1 -1] face
[233 562 220 431 211 418 229 103 76 427 88 106 232 334 82 208 505 100 94 331 313 559 226 328 319 430 508 412 107 509 563 493 335 424 502 556] [1 1 1 1] face
[113 142 262 140 260 119 358 137 356 110 172 116 286 134 284 170 239 257 353 5 34 236 254 281 32 11 149 350 167 29 2 8 146 278 164 26] [-2 0 0 0] face
[62 194 38 302 44 176 224 68 41 305 206 98 200 74 308 80 230 104 77 310 106 232 334 83 209 202 101 332 179 70 227 329 47 197 65 326] [2 0 0 0] face
[27 374 14 464 20 362 446 33 17 467 434 63 380 50 470 56 69 472 66 382 524 59 365 71 526 452 53 454 437 35 449 521 23 377 30 518] [0 -2 0 0] face
[135 398 122 482 128 386 422 141 125 485 410 430 508 413 89 107 428 490 105 95 506 406 389 102 86 92 488 404 99 143 425 503 131 401 138 500] [0 2 0 0] face
[165 375 152 530 158 368 399 171 155 533 392 407 574 395 185 203 405 538 201 191 572 383 371 198 182 188 536 381 195 173 402 569 161 378 168 566] [0 0 -2 0] face
[255 447 245 542 248 440 423 261 242 545 416 225 453 215 548 218 231 550 228 455 560 221 443 233 562 429 212 431 419 263 426 557 251 450 258 554] [0 0 2 0] face
[279 465 266 531 272 458 543 282 275 468 461 483 285 269 534 476 546 486 479 287 303 471 290 537 296 309 539 306 473 549 299 311 551 489 293 491] [0 0 0 -2] face
[509 563 494 314 335 507 575 497 333 320 561 527 512 330 317 323 573 525 515 327 359 504 338 558 344 570 357 347 501 522 354 341 555 567 519 351] [0 0 0 2] face
]
shape [0.5 0.5 0.5 0.5] translate [0.5 0.5 0.5 0.5] aligncenter "bitruncated-24cell" def

