[
[1.5811388300841893 2.041241452319315 1.1547005383792515 0]
[1.5811388300841893 2.041241452319315 -0.5773502691896262 1]
[1.5811388300841893 2.041241452319315 -0.5773502691896257 -1]
[1.5811388300841893 0.4082482904638629 2.3094010767585034 0]
[1.5811388300841893 0.4082482904638629 -1.1547005383792515 2]
[1.5811388300841893 0.4082482904638629 -1.1547005383792515 -2]
[1.5811388300841893 -1.2247448713915892 1.7320508075688774 1]
[1.5811388300841893 -1.2247448713915892 1.7320508075688774 -1]
[1.5811388300841893 -1.2247448713915892 0 2]
[1.5811388300841893 -1.2247448713915892 0 -2]
[1.5811388300841893 -1.2247448713915892 -1.7320508075688774 1]
[1.5811388300841893 -1.2247448713915892 -1.7320508075688774 -1]
[0 1.632993161855452 2.3094010767585034 0]
[0 1.632993161855452 -1.1547005383792515 2]
[0 1.632993161855452 -1.1547005383792515 -2]
[0 -1.632993161855452 1.1547005383792515 2]
[0 -1.632993161855452 1.1547005383792515 -2]
[0 -1.632993161855452 -2.3094010767585034 0]
[-1.5811388300841893 1.2247448713915892 1.7320508075688774 1]
[-1.5811388300841893 1.2247448713915892 1.7320508075688774 -1]
[-1.5811388300841893 1.2247448713915892 0 2]
[-1.5811388300841893 1.2247448713915892 0 -2]
[-1.5811388300841893 1.2247448713915892 -1.7320508075688774 1]
[-1.5811388300841893 1.2247448713915892 -1.7320508075688774 -1]
[-1.5811388300841893 -0.40824829046386313 1.1547005383792515 2]
[-1.5811388300841893 -0.40824829046386313 1.1547005383792515 -2]
[-1.5811388300841893 -0.40824829046386313 -2.3094010767585034 0]
[-1.5811388300841893 -2.041241452319315 0.5773502691896257 1]
[-1.5811388300841893 -2.041241452319315 0.5773502691896257 -1]
[-1.5811388300841893 -2.041241452319315 -1.1547005383792515 0]
][
23 26 edge
11 17 edge
17 26 edge
5 14 edge
14 23 edge
5 11 edge
22 26 edge
22 23 edge
10 17 edge
10 11 edge
4 13 edge
13 22 edge
4 10 edge
2 14 edge
2 5 edge
1 13 edge
1 4 edge
1 2 edge
25 28 edge
16 28 edge
16 25 edge
27 28 edge
24 27 edge
19 25 edge
18 24 edge
18 19 edge
15 27 edge
7 16 edge
6 15 edge
6 7 edge
15 24 edge
3 12 edge
12 19 edge
3 7 edge
12 18 edge
3 6 edge
28 29 edge
26 29 edge
21 25 edge
21 23 edge
17 29 edge
9 16 edge
9 11 edge
14 21 edge
5 9 edge
27 29 edge
20 24 edge
20 22 edge
19 21 edge
18 20 edge
8 15 edge
8 10 edge
7 9 edge
6 8 edge
13 20 edge
4 8 edge
0 12 edge
0 3 edge
0 2 edge
0 1 edge
][
[17 16 15 14 13 12 10 5 3 9 8 1 11 4 2 7 6 0] [1 1.290994448735803 -3.651483716701096 0] face
[35 33 31 29 28 27 34 32 30 26 20 19 25 24 23 22 18 21] [-1 -1.2909944487358032 3.6514837167010996 0] face
[44 5 3 42 41 1 43 4 20 19 2 40 39 38 0 18 37 36] [-1 -1.2909944487358054 -1.8257418583505531 -3.162277660168378] face
[25 49 24 48 23 47 46 39 38 7 6 0 22 18 37 21 45 36] [-1 0 0 0] face
[29 53 28 52 27 51 50 42 41 9 8 1 26 19 40 21 45 36] [1 -3.8729833462074175 0 0] face
[55 12 10 51 50 8 54 11 30 26 2 40 47 46 6 22 37 45] [-1 -1.2909944487358056 -1.8257418583505536 3.162277660168381] face
[58 57 56 14 13 33 31 44 3 52 27 41 32 43 20 48 23 38] [1 1.2909944487358127 1.825741858350568 -3.1622776601684084] face
[59 57 56 16 15 35 31 55 10 53 28 50 34 54 30 49 24 46] [1 1.2909944487358087 1.8257418583505614 3.1622776601683937] face
[59 58 56 17 15 13 34 32 54 11 43 4 25 49 48 47 39 7] [-1 3.8729833462074166 0 0] face
[59 58 57 17 16 14 35 33 55 12 44 5 29 53 52 51 42 9] [1 0 0 0] face
]
shape [0.5 0.5 0.5 0.5] translate [0.5 0.5 0.5 0.5] aligncenter "bitruncated-5cell" def

