[
[1 2.414213562373095 2.414213562373095 3.8284271247461903]
[1 2.414213562373095 2.414213562373095 -3.8284271247461903]
[1 2.414213562373095 -2.414213562373095 3.8284271247461903]
[1 2.414213562373095 -2.414213562373095 -3.8284271247461903]
[1 -2.414213562373095 2.414213562373095 3.8284271247461903]
[1 -2.414213562373095 2.414213562373095 -3.8284271247461903]
[1 -2.414213562373095 -2.414213562373095 3.8284271247461903]
[1 -2.414213562373095 -2.414213562373095 -3.8284271247461903]
[-1 2.414213562373095 2.414213562373095 3.8284271247461903]
[-1 2.414213562373095 2.414213562373095 -3.8284271247461903]
[-1 2.414213562373095 -2.414213562373095 3.8284271247461903]
[-1 2.414213562373095 -2.414213562373095 -3.8284271247461903]
[-1 -2.414213562373095 2.414213562373095 3.8284271247461903]
[-1 -2.414213562373095 2.414213562373095 -3.8284271247461903]
[-1 -2.414213562373095 -2.414213562373095 3.8284271247461903]
[-1 -2.414213562373095 -2.414213562373095 -3.8284271247461903]
[1 2.414213562373095 3.8284271247461903 2.414213562373095]
[1 2.414213562373095 3.8284271247461903 -2.414213562373095]
[1 2.414213562373095 -3.8284271247461903 2.414213562373095]
[1 2.414213562373095 -3.8284271247461903 -2.414213562373095]
[1 -2.414213562373095 3.8284271247461903 2.414213562373095]
[1 -2.414213562373095 3.8284271247461903 -2.414213562373095]
[1 -2.414213562373095 -3.8284271247461903 2.414213562373095]
[1 -2.414213562373095 -3.8284271247461903 -2.414213562373095]
[-1 2.414213562373095 3.8284271247461903 2.414213562373095]
[-1 2.414213562373095 3.8284271247461903 -2.414213562373095]
[-1 2.414213562373095 -3.8284271247461903 2.414213562373095]
[-1 2.414213562373095 -3.8284271247461903 -2.414213562373095]
[-1 -2.414213562373095 3.8284271247461903 2.414213562373095]
[-1 -2.414213562373095 3.8284271247461903 -2.414213562373095]
[-1 -2.414213562373095 -3.8284271247461903 2.414213562373095]
[-1 -2.414213562373095 -3.8284271247461903 -2.414213562373095]
[1 3.8284271247461903 2.414213562373095 2.414213562373095]
[1 3.8284271247461903 2.414213562373095 -2.414213562373095]
[1 3.8284271247461903 -2.414213562373095 2.414213562373095]
[1 3.8284271247461903 -2.414213562373095 -2.414213562373095]
[1 -3.8284271247461903 2.414213562373095 2.414213562373095]
[1 -3.8284271247461903 2.414213562373095 -2.414213562373095]
[1 -3.8284271247461903 -2.414213562373095 2.414213562373095]
[1 -3.8284271247461903 -2.414213562373095 -2.414213562373095]
[-1 3.8284271247461903 2.414213562373095 2.414213562373095]
[-1 3.8284271247461903 2.414213562373095 -2.414213562373095]
[-1 3.8284271247461903 -2.414213562373095 2.414213562373095]
[-1 3.8284271247461903 -2.414213562373095 -2.414213562373095]
[-1 -3.8284271247461903 2.414213562373095 2.414213562373095]
[-1 -3.8284271247461903 2.414213562373095 -2.414213562373095]
[-1 -3.8284271247461903 -2.414213562373095 2.414213562373095]
[-1 -3.8284271247461903 -2.414213562373095 -2.414213562373095]
[2.414213562373095 1 2.414213562373095 3.8284271247461903]
[2.414213562373095 1 2.414213562373095 -3.8284271247461903]
[2.414213562373095 1 -2.414213562373095 3.8284271247461903]
[2.414213562373095 1 -2.414213562373095 -3.8284271247461903]
[2.414213562373095 -1 2.414213562373095 3.8284271247461903]
[2.414213562373095 -1 2.414213562373095 -3.8284271247461903]
[2.414213562373095 -1 -2.414213562373095 3.8284271247461903]
[2.414213562373095 -1 -2.414213562373095 -3.8284271247461903]
[-2.414213562373095 1 2.414213562373095 3.8284271247461903]
[-2.414213562373095 1 2.414213562373095 -3.8284271247461903]
[-2.414213562373095 1 -2.414213562373095 3.8284271247461903]
[-2.414213562373095 1 -2.414213562373095 -3.8284271247461903]
[-2.414213562373095 -1 2.414213562373095 3.8284271247461903]
[-2.414213562373095 -1 2.414213562373095 -3.8284271247461903]
[-2.414213562373095 -1 -2.414213562373095 3.8284271247461903]
[-2.414213562373095 -1 -2.414213562373095 -3.8284271247461903]
[2.414213562373095 1 3.8284271247461903 2.414213562373095]
[2.414213562373095 1 3.8284271247461903 -2.414213562373095]
[2.414213562373095 1 -3.8284271247461903 2.414213562373095]
[2.414213562373095 1 -3.8284271247461903 -2.414213562373095]
[2.414213562373095 -1 3.8284271247461903 2.414213562373095]
[2.414213562373095 -1 3.8284271247461903 -2.414213562373095]
[2.414213562373095 -1 -3.8284271247461903 2.414213562373095]
[2.414213562373095 -1 -3.8284271247461903 -2.414213562373095]
[-2.414213562373095 1 3.8284271247461903 2.414213562373095]
[-2.414213562373095 1 3.8284271247461903 -2.414213562373095]
[-2.414213562373095 1 -3.8284271247461903 2.414213562373095]
[-2.414213562373095 1 -3.8284271247461903 -2.414213562373095]
[-2.414213562373095 -1 3.8284271247461903 2.414213562373095]
[-2.414213562373095 -1 3.8284271247461903 -2.414213562373095]
[-2.414213562373095 -1 -3.8284271247461903 2.414213562373095]
[-2.414213562373095 -1 -3.8284271247461903 -2.414213562373095]
[2.414213562373095 2.414213562373095 1 3.8284271247461903]
[2.414213562373095 2.414213562373095 1 -3.8284271247461903]
[2.414213562373095 2.414213562373095 -1 3.8284271247461903]
[2.414213562373095 2.414213562373095 -1 -3.8284271247461903]
[2.414213562373095 -2.414213562373095 1 3.8284271247461903]
[2.414213562373095 -2.414213562373095 1 -3.8284271247461903]
[2.414213562373095 -2.414213562373095 -1 3.8284271247461903]
[2.414213562373095 -2.414213562373095 -1 -3.8284271247461903]
[-2.414213562373095 2.414213562373095 1 3.8284271247461903]
[-2.414213562373095 2.414213562373095 1 -3.8284271247461903]
[-2.414213562373095 2.414213562373095 -1 3.8284271247461903]
[-2.414213562373095 2.414213562373095 -1 -3.8284271247461903]
[-2.414213562373095 -2.414213562373095 1 3.8284271247461903]
[-2.414213562373095 -2.414213562373095 1 -3.8284271247461903]
[-2.414213562373095 -2.414213562373095 -1 3.8284271247461903]
[-2.414213562373095 -2.414213562373095 -1 -3.8284271247461903]
[2.414213562373095 2.414213562373095 3.8284271247461903 1]
[2.414213562373095 2.414213562373095 3.8284271247461903 -1]
[2.414213562373095 2.414213562373095 -3.8284271247461903 1]
[2.414213562373095 2.414213562373095 -3.8284271247461903 -1]
[2.414213562373095 -2.414213562373095 3.8284271247461903 1]
[2.414213562373095 -2.414213562373095 3.8284271247461903 -1]
[2.414213562373095 -2.414213562373095 -3.8284271247461903 1]
[2.414213562373095 -2.414213562373095 -3.8284271247461903 -1]
[-2.414213562373095 2.414213562373095 3.8284271247461903 1]
[-2.414213562373095 2.414213562373095 3.8284271247461903 -1]
[-2.414213562373095 2.414213562373095 -3.8284271247461903 1]
[-2.414213562373095 2.414213562373095 -3.8284271247461903 -1]
[-2.414213562373095 -2.414213562373095 3.8284271247461903 1]
[-2.414213562373095 -2.414213562373095 3.8284271247461903 -1]
[-2.414213562373095 -2.414213562373095 -3.8284271247461903 1]
[-2.414213562373095 -2.414213562373095 -3.8284271247461903 -1]
[2.414213562373095 3.8284271247461903 1 2.414213562373095]
[2.414213562373095 3.8284271247461903 1 -2.414213562373095]
[2.414213562373095 3.8284271247461903 -1 2.414213562373095]
[2.414213562373095 3.8284271247461903 -1 -2.414213562373095]
[2.414213562373095 -3.8284271247461903 1 2.414213562373095]
[2.414213562373095 -3.8284271247461903 1 -2.414213562373095]
[2.414213562373095 -3.8284271247461903 -1 2.414213562373095]
[2.414213562373095 -3.8284271247461903 -1 -2.414213562373095]
[-2.414213562373095 3.8284271247461903 1 2.414213562373095]
[-2.414213562373095 3.8284271247461903 1 -2.414213562373095]
[-2.414213562373095 3.8284271247461903 -1 2.414213562373095]
[-2.414213562373095 3.8284271247461903 -1 -2.414213562373095]
[-2.414213562373095 -3.8284271247461903 1 2.414213562373095]
[-2.414213562373095 -3.8284271247461903 1 -2.414213562373095]
[-2.414213562373095 -3.8284271247461903 -1 2.414213562373095]
[-2.414213562373095 -3.8284271247461903 -1 -2.414213562373095]
[2.414213562373095 3.8284271247461903 2.414213562373095 1]
[2.414213562373095 3.8284271247461903 2.414213562373095 -1]
[2.414213562373095 3.8284271247461903 -2.414213562373095 1]
[2.414213562373095 3.8284271247461903 -2.414213562373095 -1]
[2.414213562373095 -3.8284271247461903 2.414213562373095 1]
[2.414213562373095 -3.8284271247461903 2.414213562373095 -1]
[2.414213562373095 -3.8284271247461903 -2.414213562373095 1]
[2.414213562373095 -3.8284271247461903 -2.414213562373095 -1]
[-2.414213562373095 3.8284271247461903 2.414213562373095 1]
[-2.414213562373095 3.8284271247461903 2.414213562373095 -1]
[-2.414213562373095 3.8284271247461903 -2.414213562373095 1]
[-2.414213562373095 3.8284271247461903 -2.414213562373095 -1]
[-2.414213562373095 -3.8284271247461903 2.414213562373095 1]
[-2.414213562373095 -3.8284271247461903 2.414213562373095 -1]
[-2.414213562373095 -3.8284271247461903 -2.414213562373095 1]
[-2.414213562373095 -3.8284271247461903 -2.414213562373095 -1]
[3.8284271247461903 1 2.414213562373095 2.414213562373095]
[3.8284271247461903 1 2.414213562373095 -2.414213562373095]
[3.8284271247461903 1 -2.414213562373095 2.414213562373095]
[3.8284271247461903 1 -2.414213562373095 -2.414213562373095]
[3.8284271247461903 -1 2.414213562373095 2.414213562373095]
[3.8284271247461903 -1 2.414213562373095 -2.414213562373095]
[3.8284271247461903 -1 -2.414213562373095 2.414213562373095]
[3.8284271247461903 -1 -2.414213562373095 -2.414213562373095]
[-3.8284271247461903 1 2.414213562373095 2.414213562373095]
[-3.8284271247461903 1 2.414213562373095 -2.414213562373095]
[-3.8284271247461903 1 -2.414213562373095 2.414213562373095]
[-3.8284271247461903 1 -2.414213562373095 -2.414213562373095]
[-3.8284271247461903 -1 2.414213562373095 2.414213562373095]
[-3.8284271247461903 -1 2.414213562373095 -2.414213562373095]
[-3.8284271247461903 -1 -2.414213562373095 2.414213562373095]
[-3.8284271247461903 -1 -2.414213562373095 -2.414213562373095]
[3.8284271247461903 2.414213562373095 1 2.414213562373095]
[3.8284271247461903 2.414213562373095 1 -2.414213562373095]
[3.8284271247461903 2.414213562373095 -1 2.414213562373095]
[3.8284271247461903 2.414213562373095 -1 -2.414213562373095]
[3.8284271247461903 -2.414213562373095 1 2.414213562373095]
[3.8284271247461903 -2.414213562373095 1 -2.414213562373095]
[3.8284271247461903 -2.414213562373095 -1 2.414213562373095]
[3.8284271247461903 -2.414213562373095 -1 -2.414213562373095]
[-3.8284271247461903 2.414213562373095 1 2.414213562373095]
[-3.8284271247461903 2.414213562373095 1 -2.414213562373095]
[-3.8284271247461903 2.414213562373095 -1 2.414213562373095]
[-3.8284271247461903 2.414213562373095 -1 -2.414213562373095]
[-3.8284271247461903 -2.414213562373095 1 2.414213562373095]
[-3.8284271247461903 -2.414213562373095 1 -2.414213562373095]
[-3.8284271247461903 -2.414213562373095 -1 2.414213562373095]
[-3.8284271247461903 -2.414213562373095 -1 -2.414213562373095]
[3.8284271247461903 2.414213562373095 2.414213562373095 1]
[3.8284271247461903 2.414213562373095 2.414213562373095 -1]
[3.8284271247461903 2.414213562373095 -2.414213562373095 1]
[3.8284271247461903 2.414213562373095 -2.414213562373095 -1]
[3.8284271247461903 -2.414213562373095 2.414213562373095 1]
[3.8284271247461903 -2.414213562373095 2.414213562373095 -1]
[3.8284271247461903 -2.414213562373095 -2.414213562373095 1]
[3.8284271247461903 -2.414213562373095 -2.414213562373095 -1]
[-3.8284271247461903 2.414213562373095 2.414213562373095 1]
[-3.8284271247461903 2.414213562373095 2.414213562373095 -1]
[-3.8284271247461903 2.414213562373095 -2.414213562373095 1]
[-3.8284271247461903 2.414213562373095 -2.414213562373095 -1]
[-3.8284271247461903 -2.414213562373095 2.414213562373095 1]
[-3.8284271247461903 -2.414213562373095 2.414213562373095 -1]
[-3.8284271247461903 -2.414213562373095 -2.414213562373095 1]
[-3.8284271247461903 -2.414213562373095 -2.414213562373095 -1]
[0 1.4142135623730954 1.4142135623730954 4.82842712474619]
[0 1.4142135623730954 1.4142135623730954 -4.82842712474619]
[0 1.4142135623730954 -1.4142135623730954 4.82842712474619]
[0 1.4142135623730954 -1.4142135623730954 -4.82842712474619]
[0 -1.4142135623730954 1.4142135623730954 4.82842712474619]
[0 -1.4142135623730954 1.4142135623730954 -4.82842712474619]
[0 -1.4142135623730954 -1.4142135623730954 4.82842712474619]
[0 -1.4142135623730954 -1.4142135623730954 -4.82842712474619]
[0 1.4142135623730954 4.82842712474619 1.4142135623730954]
[0 1.4142135623730954 4.82842712474619 -1.4142135623730954]
[0 1.4142135623730954 -4.82842712474619 1.4142135623730954]
[0 1.4142135623730954 -4.82842712474619 -1.4142135623730954]
[0 -1.4142135623730954 4.82842712474619 1.4142135623730954]
[0 -1.4142135623730954 4.82842712474619 -1.4142135623730954]
[0 -1.4142135623730954 -4.82842712474619 1.4142135623730954]
[0 -1.4142135623730954 -4.82842712474619 -1.4142135623730954]
[0 4.82842712474619 1.4142135623730954 1.4142135623730954]
[0 4.82842712474619 1.4142135623730954 -1.4142135623730954]
[0 4.82842712474619 -1.4142135623730954 1.4142135623730954]
[0 4.82842712474619 -1.4142135623730954 -1.4142135623730954]
[0 -4.82842712474619 1.4142135623730954 1.4142135623730954]
[0 -4.82842712474619 1.4142135623730954 -1.4142135623730954]
[0 -4.82842712474619 -1.4142135623730954 1.4142135623730954]
[0 -4.82842712474619 -1.4142135623730954 -1.4142135623730954]
[1.4142135623730954 0 1.4142135623730954 4.82842712474619]
[1.4142135623730954 0 1.4142135623730954 -4.82842712474619]
[1.4142135623730954 0 -1.4142135623730954 4.82842712474619]
[1.4142135623730954 0 -1.4142135623730954 -4.82842712474619]
[-1.4142135623730954 0 1.4142135623730954 4.82842712474619]
[-1.4142135623730954 0 1.4142135623730954 -4.82842712474619]
[-1.4142135623730954 0 -1.4142135623730954 4.82842712474619]
[-1.4142135623730954 0 -1.4142135623730954 -4.82842712474619]
[1.4142135623730954 0 4.82842712474619 1.4142135623730954]
[1.4142135623730954 0 4.82842712474619 -1.4142135623730954]
[1.4142135623730954 0 -4.82842712474619 1.4142135623730954]
[1.4142135623730954 0 -4.82842712474619 -1.4142135623730954]
[-1.4142135623730954 0 4.82842712474619 1.4142135623730954]
[-1.4142135623730954 0 4.82842712474619 -1.4142135623730954]
[-1.4142135623730954 0 -4.82842712474619 1.4142135623730954]
[-1.4142135623730954 0 -4.82842712474619 -1.4142135623730954]
[1.4142135623730954 1.4142135623730954 0 4.82842712474619]
[1.4142135623730954 1.4142135623730954 0 -4.82842712474619]
[1.4142135623730954 -1.4142135623730954 0 4.82842712474619]
[1.4142135623730954 -1.4142135623730954 0 -4.82842712474619]
[-1.4142135623730954 1.4142135623730954 0 4.82842712474619]
[-1.4142135623730954 1.4142135623730954 0 -4.82842712474619]
[-1.4142135623730954 -1.4142135623730954 0 4.82842712474619]
[-1.4142135623730954 -1.4142135623730954 0 -4.82842712474619]
[1.4142135623730954 1.4142135623730954 4.82842712474619 0]
[1.4142135623730954 1.4142135623730954 -4.82842712474619 0]
[1.4142135623730954 -1.4142135623730954 4.82842712474619 0]
[1.4142135623730954 -1.4142135623730954 -4.82842712474619 0]
[-1.4142135623730954 1.4142135623730954 4.82842712474619 0]
[-1.4142135623730954 1.4142135623730954 -4.82842712474619 0]
[-1.4142135623730954 -1.4142135623730954 4.82842712474619 0]
[-1.4142135623730954 -1.4142135623730954 -4.82842712474619 0]
[1.4142135623730954 4.82842712474619 0 1.4142135623730954]
[1.4142135623730954 4.82842712474619 0 -1.4142135623730954]
[1.4142135623730954 -4.82842712474619 0 1.4142135623730954]
[1.4142135623730954 -4.82842712474619 0 -1.4142135623730954]
[-1.4142135623730954 4.82842712474619 0 1.4142135623730954]
[-1.4142135623730954 4.82842712474619 0 -1.4142135623730954]
[-1.4142135623730954 -4.82842712474619 0 1.4142135623730954]
[-1.4142135623730954 -4.82842712474619 0 -1.4142135623730954]
[1.4142135623730954 4.82842712474619 1.4142135623730954 0]
[1.4142135623730954 4.82842712474619 -1.4142135623730954 0]
[1.4142135623730954 -4.82842712474619 1.4142135623730954 0]
[1.4142135623730954 -4.82842712474619 -1.4142135623730954 0]
[-1.4142135623730954 4.82842712474619 1.4142135623730954 0]
[-1.4142135623730954 4.82842712474619 -1.4142135623730954 0]
[-1.4142135623730954 -4.82842712474619 1.4142135623730954 0]
[-1.4142135623730954 -4.82842712474619 -1.4142135623730954 0]
[4.82842712474619 0 1.4142135623730954 1.4142135623730954]
[4.82842712474619 0 1.4142135623730954 -1.4142135623730954]
[4.82842712474619 0 -1.4142135623730954 1.4142135623730954]
[4.82842712474619 0 -1.4142135623730954 -1.4142135623730954]
[-4.82842712474619 0 1.4142135623730954 1.4142135623730954]
[-4.82842712474619 0 1.4142135623730954 -1.4142135623730954]
[-4.82842712474619 0 -1.4142135623730954 1.4142135623730954]
[-4.82842712474619 0 -1.4142135623730954 -1.4142135623730954]
[4.82842712474619 1.4142135623730954 0 1.4142135623730954]
[4.82842712474619 1.4142135623730954 0 -1.4142135623730954]
[4.82842712474619 -1.4142135623730954 0 1.4142135623730954]
[4.82842712474619 -1.4142135623730954 0 -1.4142135623730954]
[-4.82842712474619 1.4142135623730954 0 1.4142135623730954]
[-4.82842712474619 1.4142135623730954 0 -1.4142135623730954]
[-4.82842712474619 -1.4142135623730954 0 1.4142135623730954]
[-4.82842712474619 -1.4142135623730954 0 -1.4142135623730954]
[4.82842712474619 1.4142135623730954 1.4142135623730954 0]
[4.82842712474619 1.4142135623730954 -1.4142135623730954 0]
[4.82842712474619 -1.4142135623730954 1.4142135623730954 0]
[4.82842712474619 -1.4142135623730954 -1.4142135623730954 0]
[-4.82842712474619 1.4142135623730954 1.4142135623730954 0]
[-4.82842712474619 1.4142135623730954 -1.4142135623730954 0]
[-4.82842712474619 -1.4142135623730954 1.4142135623730954 0]
[-4.82842712474619 -1.4142135623730954 -1.4142135623730954 0]
][
146 266 edge
146 162 edge
162 272 edge
266 272 edge
146 150 edge
150 266 edge
218 234 edge
216 234 edge
218 232 edge
216 232 edge
86 234 edge
84 234 edge
84 86 edge
54 218 edge
54 86 edge
52 216 edge
52 84 edge
50 218 edge
50 54 edge
48 216 edge
48 52 edge
82 232 edge
50 82 edge
80 232 edge
48 80 edge
80 82 edge
86 166 edge
84 164 edge
164 166 edge
54 150 edge
150 166 edge
52 148 edge
148 164 edge
50 146 edge
48 144 edge
144 148 edge
82 162 edge
80 160 edge
160 162 edge
144 160 edge
166 274 edge
164 274 edge
266 274 edge
148 264 edge
264 274 edge
144 264 edge
160 272 edge
264 272 edge
146 178 edge
178 281 edge
266 281 edge
162 178 edge
272 281 edge
151 183 edge
183 283 edge
151 267 edge
267 283 edge
67 147 edge
67 99 edge
99 179 edge
147 179 edge
71 151 edge
67 71 edge
147 151 edge
71 103 edge
103 183 edge
67 227 edge
227 241 edge
99 241 edge
71 227 edge
227 243 edge
103 243 edge
226 243 edge
226 241 edge
102 243 edge
102 103 edge
70 226 edge
70 102 edge
66 226 edge
66 70 edge
98 241 edge
66 98 edge
98 99 edge
102 182 edge
182 183 edge
70 150 edge
150 182 edge
66 146 edge
98 178 edge
178 179 edge
182 283 edge
266 283 edge
147 267 edge
179 281 edge
267 281 edge
165 181 edge
149 165 edge
149 181 edge
165 275 edge
181 282 edge
275 282 edge
149 265 edge
265 275 edge
265 282 edge
167 183 edge
151 167 edge
167 275 edge
275 283 edge
267 275 edge
81 113 edge
81 161 edge
113 161 edge
49 65 edge
49 145 edge
65 145 edge
33 113 edge
33 129 edge
113 129 edge
1 81 edge
1 33 edge
17 65 edge
17 97 edge
65 97 edge
1 49 edge
49 81 edge
1 17 edge
17 33 edge
97 129 edge
97 177 edge
129 177 edge
145 161 edge
145 177 edge
161 177 edge
83 115 edge
83 163 edge
115 163 edge
81 83 edge
113 115 edge
161 163 edge
51 67 edge
51 147 edge
35 115 edge
3 83 edge
3 35 edge
35 131 edge
115 131 edge
3 51 edge
51 83 edge
19 67 edge
19 99 edge
3 19 edge
19 35 edge
99 131 edge
131 179 edge
147 163 edge
163 179 edge
53 69 edge
53 149 edge
69 149 edge
49 53 edge
65 69 edge
145 149 edge
55 71 edge
55 151 edge
51 55 edge
85 117 edge
117 165 edge
85 165 edge
21 69 edge
5 53 edge
5 21 edge
21 101 edge
69 101 edge
5 85 edge
53 85 edge
37 117 edge
5 37 edge
37 133 edge
117 133 edge
21 37 edge
101 133 edge
133 181 edge
101 181 edge
87 119 edge
119 167 edge
87 167 edge
7 55 edge
23 71 edge
7 23 edge
7 87 edge
55 87 edge
23 103 edge
39 119 edge
7 39 edge
39 135 edge
119 135 edge
23 39 edge
103 135 edge
135 183 edge
117 119 edge
85 87 edge
165 167 edge
209 249 edge
33 209 edge
113 249 edge
209 256 edge
249 256 edge
129 256 edge
211 249 edge
35 211 edge
115 249 edge
1 193 edge
193 233 edge
81 233 edge
3 195 edge
195 233 edge
83 233 edge
1 9 edge
9 193 edge
3 11 edge
11 195 edge
9 41 edge
33 41 edge
11 43 edge
35 43 edge
41 121 edge
121 253 edge
209 253 edge
41 209 edge
43 123 edge
123 253 edge
211 253 edge
43 211 edge
9 89 edge
89 237 edge
193 237 edge
11 91 edge
91 237 edge
195 237 edge
89 121 edge
91 123 edge
89 91 edge
121 123 edge
211 257 edge
249 257 edge
131 257 edge
201 225 edge
17 201 edge
65 225 edge
201 240 edge
225 240 edge
97 240 edge
193 217 edge
49 217 edge
217 233 edge
195 219 edge
51 219 edge
219 233 edge
203 227 edge
19 203 edge
203 241 edge
205 225 edge
21 205 edge
69 225 edge
5 197 edge
197 217 edge
53 217 edge
5 13 edge
13 197 edge
9 25 edge
17 25 edge
13 29 edge
21 29 edge
25 73 edge
73 229 edge
201 229 edge
25 201 edge
9 57 edge
57 221 edge
193 221 edge
29 77 edge
77 229 edge
205 229 edge
29 205 edge
13 61 edge
61 221 edge
197 221 edge
57 73 edge
61 77 edge
57 61 edge
73 77 edge
7 199 edge
199 219 edge
55 219 edge
207 227 edge
23 207 edge
7 15 edge
15 199 edge
203 231 edge
207 231 edge
11 27 edge
19 27 edge
15 31 edge
23 31 edge
11 59 edge
59 223 edge
195 223 edge
27 75 edge
75 231 edge
27 203 edge
15 63 edge
63 223 edge
199 223 edge
31 79 edge
79 231 edge
31 207 edge
59 75 edge
63 79 edge
75 79 edge
59 63 edge
205 242 edge
225 242 edge
101 242 edge
197 235 edge
85 235 edge
217 235 edge
199 235 edge
87 235 edge
219 235 edge
207 243 edge
213 251 edge
37 213 edge
117 251 edge
215 251 edge
39 215 edge
119 251 edge
13 45 edge
37 45 edge
15 47 edge
39 47 edge
13 93 edge
93 239 edge
197 239 edge
15 95 edge
95 239 edge
199 239 edge
45 125 edge
125 255 edge
213 255 edge
45 213 edge
47 127 edge
127 255 edge
215 255 edge
47 215 edge
93 125 edge
95 127 edge
125 127 edge
93 95 edge
213 258 edge
251 258 edge
133 258 edge
215 259 edge
251 259 edge
135 259 edge
222 238 edge
220 238 edge
222 236 edge
220 236 edge
198 238 edge
198 222 edge
196 238 edge
196 220 edge
194 222 edge
194 236 edge
192 220 edge
192 236 edge
198 234 edge
196 234 edge
198 218 edge
196 216 edge
194 218 edge
192 216 edge
194 232 edge
192 232 edge
231 245 edge
203 245 edge
231 247 edge
207 247 edge
230 247 edge
230 245 edge
206 247 edge
206 230 edge
202 230 edge
202 245 edge
206 243 edge
206 226 edge
202 226 edge
202 241 edge
25 41 edge
27 43 edge
29 45 edge
31 47 edge
121 137 edge
41 137 edge
253 260 edge
137 260 edge
209 260 edge
123 139 edge
43 139 edge
253 261 edge
139 261 edge
211 261 edge
73 105 edge
25 105 edge
229 244 edge
105 244 edge
201 244 edge
57 89 edge
221 237 edge
59 91 edge
223 237 edge
75 107 edge
27 107 edge
107 245 edge
77 109 edge
29 109 edge
229 246 edge
109 246 edge
205 246 edge
61 93 edge
221 239 edge
63 95 edge
223 239 edge
79 111 edge
31 111 edge
111 247 edge
125 141 edge
45 141 edge
255 262 edge
141 262 edge
213 262 edge
127 143 edge
47 143 edge
255 263 edge
143 263 edge
215 263 edge
89 169 edge
121 169 edge
57 153 edge
73 153 edge
153 169 edge
153 185 edge
169 185 edge
105 185 edge
137 185 edge
105 137 edge
75 155 edge
155 187 edge
107 187 edge
91 171 edge
123 171 edge
59 155 edge
155 171 edge
171 187 edge
139 187 edge
107 139 edge
61 157 edge
77 157 edge
125 173 edge
93 173 edge
173 189 edge
157 173 edge
157 189 edge
141 189 edge
109 189 edge
109 141 edge
79 159 edge
159 191 edge
111 191 edge
63 159 edge
127 175 edge
95 175 edge
175 191 edge
159 175 edge
143 191 edge
111 143 edge
158 270 edge
154 270 edge
154 158 edge
270 278 edge
268 278 edge
270 276 edge
268 276 edge
174 278 edge
158 174 edge
172 278 edge
156 268 edge
156 172 edge
170 276 edge
154 170 edge
152 268 edge
168 276 edge
152 168 edge
172 174 edge
94 174 edge
92 172 edge
92 94 edge
62 158 edge
58 154 edge
58 62 edge
152 156 edge
60 156 edge
56 152 edge
56 60 edge
168 170 edge
90 170 edge
88 168 edge
88 90 edge
62 94 edge
60 92 edge
58 90 edge
56 88 edge
94 238 edge
62 222 edge
92 238 edge
60 220 edge
58 222 edge
90 236 edge
56 220 edge
88 236 edge
155 159 edge
271 285 edge
155 271 edge
187 285 edge
271 287 edge
191 287 edge
159 271 edge
270 287 edge
270 285 edge
190 287 edge
158 190 edge
186 285 edge
154 186 edge
190 191 edge
110 190 edge
110 111 edge
78 158 edge
74 154 edge
74 78 edge
186 187 edge
106 186 edge
106 107 edge
78 110 edge
74 106 edge
110 247 edge
78 230 edge
74 230 edge
106 245 edge
169 171 edge
153 157 edge
173 175 edge
269 277 edge
269 284 edge
277 284 edge
153 269 edge
169 277 edge
185 284 edge
271 277 edge
277 285 edge
171 277 edge
279 286 edge
269 279 edge
269 286 edge
173 279 edge
189 286 edge
157 269 edge
279 287 edge
271 279 edge
175 279 edge
278 287 edge
278 286 edge
268 286 edge
276 285 edge
268 284 edge
276 284 edge
174 190 edge
188 286 edge
172 188 edge
156 188 edge
170 186 edge
184 284 edge
152 184 edge
168 184 edge
142 190 edge
142 143 edge
110 142 edge
126 174 edge
124 172 edge
124 126 edge
94 126 edge
92 124 edge
188 189 edge
140 188 edge
140 141 edge
108 188 edge
108 109 edge
108 140 edge
62 78 edge
58 74 edge
76 156 edge
72 152 edge
72 76 edge
60 76 edge
56 72 edge
138 186 edge
138 139 edge
106 138 edge
122 170 edge
120 168 edge
120 122 edge
90 122 edge
88 120 edge
184 185 edge
104 184 edge
104 105 edge
136 184 edge
136 137 edge
104 136 edge
126 142 edge
124 140 edge
254 263 edge
142 263 edge
126 254 edge
254 262 edge
124 254 edge
140 262 edge
76 108 edge
72 104 edge
228 246 edge
108 246 edge
76 228 edge
228 244 edge
72 228 edge
104 244 edge
122 138 edge
120 136 edge
252 261 edge
138 261 edge
122 252 edge
252 260 edge
120 252 edge
136 260 edge
46 142 edge
46 126 edge
30 110 edge
30 78 edge
14 94 edge
14 62 edge
30 46 edge
14 46 edge
14 30 edge
44 124 edge
44 140 edge
12 92 edge
12 60 edge
28 108 edge
28 76 edge
12 44 edge
28 44 edge
12 28 edge
26 74 edge
26 106 edge
10 58 edge
10 90 edge
42 138 edge
42 122 edge
10 26 edge
26 42 edge
10 42 edge
8 56 edge
8 88 edge
24 72 edge
24 104 edge
40 120 edge
40 136 edge
8 24 edge
8 40 edge
24 40 edge
214 263 edge
214 254 edge
46 214 edge
212 254 edge
212 262 edge
44 212 edge
30 206 edge
14 198 edge
12 196 edge
204 246 edge
204 228 edge
28 204 edge
26 202 edge
10 194 edge
8 192 edge
200 228 edge
200 244 edge
24 200 edge
210 261 edge
210 252 edge
42 210 edge
208 252 edge
208 260 edge
40 208 edge
38 46 edge
22 30 edge
22 38 edge
6 14 edge
6 38 edge
6 22 edge
36 44 edge
4 12 edge
4 36 edge
20 28 edge
20 36 edge
4 20 edge
18 26 edge
2 10 edge
2 18 edge
34 42 edge
18 34 edge
2 34 edge
0 8 edge
16 24 edge
0 16 edge
32 40 edge
0 32 edge
16 32 edge
214 259 edge
214 250 edge
250 259 edge
212 250 edge
212 258 edge
250 258 edge
204 242 edge
204 224 edge
224 242 edge
200 224 edge
200 240 edge
224 240 edge
210 257 edge
210 248 edge
248 257 edge
208 248 edge
208 256 edge
248 256 edge
38 214 edge
38 134 edge
134 259 edge
38 118 edge
118 250 edge
118 134 edge
36 212 edge
36 116 edge
116 250 edge
36 132 edge
132 258 edge
116 132 edge
22 206 edge
22 102 edge
102 134 edge
134 135 edge
6 198 edge
6 86 edge
4 196 edge
4 84 edge
86 118 edge
84 116 edge
116 118 edge
20 204 edge
20 100 edge
100 242 edge
100 132 edge
132 133 edge
100 101 edge
22 70 edge
6 54 edge
4 52 edge
20 68 edge
68 224 edge
68 100 edge
18 202 edge
18 66 edge
2 194 edge
2 50 edge
54 70 edge
50 66 edge
0 192 edge
0 48 edge
16 200 edge
16 64 edge
64 224 edge
52 68 edge
48 64 edge
64 68 edge
18 98 edge
2 82 edge
0 80 edge
16 96 edge
96 240 edge
64 96 edge
34 210 edge
34 130 edge
130 257 edge
98 130 edge
130 131 edge
34 114 edge
114 248 edge
114 130 edge
32 208 edge
32 112 edge
112 248 edge
82 114 edge
80 112 edge
112 114 edge
32 128 edge
128 256 edge
112 128 edge
96 128 edge
96 97 edge
128 129 edge
134 182 edge
118 166 edge
116 164 edge
132 180 edge
100 180 edge
180 181 edge
166 182 edge
68 148 edge
164 180 edge
148 180 edge
64 144 edge
130 178 edge
114 162 edge
112 160 edge
96 176 edge
128 176 edge
144 176 edge
160 176 edge
176 177 edge
274 283 edge
180 282 edge
274 282 edge
264 282 edge
163 273 edge
267 273 edge
145 265 edge
161 273 edge
265 273 edge
273 281 edge
177 280 edge
265 280 edge
273 280 edge
176 280 edge
264 280 edge
272 280 edge
][
[20 24 34 19 18 22 33 17 16 31 15 14 29 13 25 37 23 36 21 12 27 11 26 10 35 39 45 4 1 0 32 43 30 5 38 46 2 28 41 40 9 7 8 6 47 44 3 42] [1 0 0 1] face
[1 48 0 51 2 49 3 50 52] [3 1 -1 1] face
[79 81 87 78 62 58 57 66 77 85 76 64 61 69 82 88 80 59 68 75 83 74 65 71 4 48 0 63 60 92 86 5 53 55 89 49 93 84 90 54 73 72 67 70 50 91 94 56] [1 0 -1 0] face
[96 97 101 95 98 99 102 103 100] [3 -1 1 -1] face
[105 53 55 104 106 54 108 56 107] [3 -1 -1 -1] face
[125 119 123 118 126 120 121 115 116 112 124 113 122 114 109 110 127 128 117 111 129 130 131 132] [1 1 1 -1] face
[136 109 110 133 134 137 111 135 138] [1 1 0 -1] face
[150 143 146 142 151 148 149 141 144 139 147 140 58 57 133 134 152 59 145 135 153 154 60 155] [1 1 -1 -1] face
[159 112 113 156 157 160 114 158 161] [1 0 1 -1] face
[164 139 140 162 163 62 57 61 63] [1 0 -1 -1] face
[170 176 169 173 179 168 171 175 177 156 174 157 172 158 165 167 180 182 178 166 181 96 97 95] [1 -1 1 -1] face
[188 193 186 189 196 187 191 192 194 162 190 163 64 61 183 185 197 65 195 184 198 105 53 104] [1 -1 -1 -1] face
[200 165 167 183 185 199 166 184 201] [1 -1 0 -1] face
[115 116 203 117 204 207 202 205 206] [1 3 1 -1] face
[217 119 118 211 219 143 142 214 221 233 218 223 236 220 222 115 203 224 141 209 225 228 229 232 136 109 213 133 216 241 239 234 240 237 137 204 210 242 226 230 212 235 215 238 202 227 208 231] [0 1 0 -1] face
[141 144 209 145 210 245 208 243 244] [1 3 -1 -1] face
[120 121 247 122 248 251 246 249 250] [1 1 3 -1] face
[123 118 211 124 253 213 252 212 254] [1 1 1 -3] face
[146 142 214 147 256 216 255 215 257] [1 1 -1 -3] face
[148 149 259 58 66 68 258 260 67] [1 1 -3 -1] face
[217 125 123 211 267 170 169 264 269 277 218 271 284 268 270 120 247 272 168 262 273 276 280 283 159 112 253 156 266 289 287 278 288 285 160 248 263 290 274 281 252 279 265 286 246 275 261 282] [0 0 1 -1] face
[219 150 146 214 296 188 186 291 300 304 220 302 310 297 301 148 259 303 187 295 307 309 313 315 164 139 256 162 293 319 316 305 317 311 62 66 69 318 308 314 255 306 292 312 258 298 294 299] [0 0 -1 -1] face
[168 171 262 172 263 322 261 320 321] [1 -1 3 -1] face
[169 173 264 174 266 324 265 323 325] [1 -1 1 -3] face
[186 189 291 190 293 327 292 326 328] [1 -1 -1 -3] face
[187 191 295 64 69 71 294 329 70] [1 -1 -3 -1] face
[267 176 173 264 296 193 189 291 336 340 268 338 343 297 337 175 331 339 192 334 346 349 350 353 200 165 324 183 327 357 354 341 355 344 199 332 335 356 347 351 323 342 326 345 330 348 333 352] [0 -1 0 -1] face
[175 177 331 178 332 360 330 358 359] [1 -3 1 -1] face
[192 194 334 195 335 363 333 361 362] [1 -3 -1 -1] face
[381 374 383 375 380 372 382 373 379 371 377 370 378 369 376 368 9 7 8 6 367 365 366 364] [0 0 0 1] face
[396 392 397 393 258 298 260 385 395 391 394 390 294 299 329 387 73 72 67 70 389 388 384 386] [0 0 -1 0] face
[217 125 119 269 221 270 126 398 222] [0 1 1 -1] face
[219 150 143 300 223 301 151 399 224] [0 1 -1 -1] face
[267 170 176 271 336 272 179 400 337] [0 -1 1 -1] face
[296 188 193 302 338 303 196 401 339] [0 -1 -1 -1] face
[225 403 228 402 226 405 227 406 404] [-1 3 1 -1] face
[229 408 232 407 230 410 231 411 409] [-1 3 -1 -1] face
[273 413 276 412 274 415 275 416 414] [-1 1 3 -1] face
[277 233 218 417 278 234 279 235 418] [-1 1 1 -3] face
[304 236 220 419 305 237 306 238 420] [-1 1 -1 -3] face
[307 422 309 421 308 423 298 385 384] [-1 1 -3 -1] face
[280 425 283 424 281 427 282 428 426] [-1 -1 3 -1] face
[284 340 268 429 285 341 286 342 430] [-1 -1 1 -3] face
[310 343 297 431 311 344 312 345 432] [-1 -1 -1 -3] face
[313 434 315 433 314 435 299 387 386] [-1 -1 -3 -1] face
[346 437 349 436 347 439 348 440 438] [-1 -3 1 -1] face
[350 442 353 441 351 444 352 445 443] [-1 -3 -1 -1] face
[269 221 277 233 398 273 413 225 403 287 417 448 412 449 239 446 455 453 402 447 454 450 451 452] [-1 1 1 -1] face
[300 223 304 236 399 307 422 229 408 316 419 461 421 456 240 459 465 458 407 460 464 462 457 463] [-1 1 -1 -1] face
[271 336 284 340 400 280 425 346 437 288 429 466 424 467 354 469 475 474 436 468 473 471 472 470] [-1 -1 1 -1] face
[302 338 310 343 401 313 434 350 442 317 431 479 433 476 355 481 485 478 441 480 484 483 477 482] [-1 -1 -1 -1] face
[513 521 512 528 509 520 508 526 519 511 525 518 507 523 517 516 529 515 527 506 505 524 504 522 510 502 500 488 499 487 497 496 494 486 514 501 498 503 495 493 367 365 366 364 492 490 491 489] [-1 0 0 1] face
[548 553 547 556 318 421 456 308 552 546 555 433 476 314 551 550 557 458 423 545 544 554 478 435 488 542 487 530 457 532 540 486 477 536 549 541 533 543 539 535 389 388 384 386 538 537 531 534] [-1 0 -1 0] face
[241 239 446 240 459 242 447 460 558] [-1 1 0 -1] face
[289 287 448 288 466 290 449 467 559] [-1 0 1 -1] face
[319 316 461 317 479 318 456 476 530] [-1 0 -1 -1] face
[357 354 469 355 481 356 468 480 560] [-1 -1 0 -1] face
[450 451 564 452 565 566 561 562 563] [-3 1 1 -1] face
[462 457 532 463 569 533 567 531 568] [-3 1 -1 -1] face
[471 472 575 470 573 574 571 572 570] [-3 -1 1 -1] face
[483 477 536 482 578 535 577 534 576] [-3 -1 -1 -1] face
[492 490 583 581 561 571 562 572 491 489 538 537 567 577 531 534 584 582 563 568 580 579 570 576] [-1 0 0 0] face
[494 540 486 585 493 539 489 537 579] [-3 -1 -1 1] face
[497 588 496 587 495 586 490 581 580] [-3 -1 1 1] face
[499 542 487 589 498 541 491 538 582] [-3 1 -1 1] face
[502 591 500 592 501 590 492 583 584] [-3 1 1 1] face
[545 595 544 485 478 594 593 484 543] [-1 -1 -1 0] face
[506 600 505 599 504 598 597 596 503] [-1 -1 0 1] face
[605 606 604 475 474 603 602 473 601] [-1 -1 1 0] face
[509 608 508 607 507 548 547 546 488] [-1 0 -1 1] face
[513 613 512 612 511 611 610 609 510] [-1 0 1 1] face
[551 616 550 465 458 615 614 464 549] [-1 1 -1 0] face
[517 621 516 620 515 619 618 617 514] [-1 1 0 1] face
[624 627 623 455 453 626 625 454 622] [-1 1 1 0] face
[598 629 597 634 356 436 468 347 628 596 632 441 480 351 603 602 635 473 439 594 593 631 484 444 503 587 495 560 470 573 585 493 482 578 601 586 574 543 539 535 633 630 438 443 580 579 570 576] [-1 -1 0 0] face
[289 417 448 278 319 419 461 305 429 466 285 431 479 311 241 446 234 459 237 357 469 341 481 344 559 450 564 530 462 532 471 575 483 536 558 565 569 560 573 578 418 430 420 432 561 571 567 577] [-1 0 0 -1] face
[611 637 610 642 290 412 449 274 636 609 640 424 467 281 624 623 643 453 415 605 604 639 474 427 510 591 500 559 451 564 588 496 472 575 622 590 566 601 586 574 641 638 414 426 583 581 562 572] [-1 0 1 0] face
[619 645 618 650 242 402 447 226 644 617 648 407 460 230 626 625 651 454 405 615 614 647 464 410 514 592 501 558 452 565 589 498 463 569 622 590 566 549 541 533 649 646 404 409 584 582 563 568] [-1 1 0 0] face
[660 659 657 656 658 655 654 653 652 607 518 507 552 546 599 504 595 544 628 596 593 494 540 585] [-1 -1 -1 1] face
[669 667 664 663 668 666 665 661 662 612 519 511 636 609 600 505 606 604 629 597 602 497 588 587] [-1 -1 1 1] face
[676 678 672 673 677 670 671 675 674 608 520 508 553 547 620 515 616 550 644 617 614 499 542 589] [-1 1 -1 1] face
[685 686 679 680 687 681 682 683 684 613 521 512 637 610 621 516 627 623 645 618 625 502 591 592] [-1 1 1 1] face
[653 652 690 628 632 631 689 688 630] [-1 -3 -1 1] face
[661 662 693 629 634 635 691 692 633] [-1 -3 1 1] face
[655 654 694 552 555 554 391 390 388] [-1 -1 -3 1] face
[657 656 695 518 523 522 369 368 364] [-1 -1 -1 3] face
[664 663 696 519 525 524 371 370 365] [-1 -1 1 3] face
[666 665 699 636 640 639 698 697 638] [-1 -1 3 1] face
[670 671 700 553 556 557 392 393 389] [-1 1 -3 1] face
[672 673 701 520 526 527 372 373 366] [-1 1 -1 3] face
[679 680 702 521 528 529 374 375 367] [-1 1 1 3] face
[681 682 705 637 642 643 703 704 641] [-1 1 3 1] face
[675 674 708 644 648 647 707 706 646] [-1 3 -1 1] face
[683 684 711 645 650 651 709 710 649] [-1 3 1 1] face
[715 717 716 660 659 713 714 658 712] [0 -1 -1 1] face
[719 723 720 669 667 721 722 668 718] [0 -1 1 1] face
[725 726 729 676 678 724 728 677 727] [0 1 -1 1] face
[730 732 734 685 686 731 735 687 733] [0 1 1 1] face
[739 691 740 692 330 348 358 440 737 689 736 688 333 352 361 445 741 738 359 362 633 630 438 443] [0 -1 0 0] face
[252 279 212 235 255 306 215 238 265 286 323 342 292 312 326 345 254 325 257 328 418 430 420 432] [0 0 0 -1] face
[745 703 746 704 246 275 249 416 743 698 742 697 261 282 320 428 747 744 250 321 641 638 414 426] [0 0 1 0] face
[751 709 752 710 202 227 205 406 749 707 748 706 208 231 243 411 753 750 206 244 649 646 404 409] [0 1 0 0] face
[757 755 754 759 758 756 737 736 738] [1 -3 -1 1] face
[761 763 760 765 762 764 739 740 741] [1 -3 1 1] face
[713 714 767 766 303 196 191 295 658 654 694 401 434 315 712 755 754 339 194 334 652 690 442 353 75 768 74 197 71 545 595 554 485 435 769 756 363 594 631 444 394 390 329 387 736 688 361 445] [0 -1 -1 0] face
[719 720 773 772 715 716 771 770 667 663 696 659 656 695 718 761 760 712 757 754 661 693 653 690 12 775 11 774 10 506 600 524 599 522 776 762 758 598 634 632 377 370 376 368 739 691 737 689] [0 -1 0 1] face
[721 722 778 777 272 179 171 262 668 665 699 400 425 283 718 763 760 337 177 331 662 693 437 349 782 780 779 180 322 605 606 639 475 427 781 764 360 603 635 439 742 697 320 428 740 692 358 440] [0 -1 1 0] face
[783 767 766 77 76 74 395 394 72] [1 -1 -3 1] face
[784 771 770 14 13 10 378 376 6] [1 -1 -1 3] face
[785 773 772 16 15 11 379 377 7] [1 -1 1 3] face
[786 778 777 788 787 779 743 742 744] [1 -1 3 1] face
[725 726 792 791 715 717 784 770 676 672 701 660 657 695 724 790 789 713 783 766 670 700 655 694 18 794 17 793 13 509 608 526 607 523 79 78 76 548 556 555 380 372 378 369 396 392 395 391] [0 0 -1 1] face
[730 732 796 795 719 723 785 772 685 679 702 669 664 696 731 798 797 721 786 777 681 705 666 699 20 801 19 800 15 513 613 528 612 525 802 799 787 611 642 640 381 374 379 371 745 703 743 698] [0 0 1 1] face
[790 803 789 81 78 80 396 397 73] [1 1 -3 1] face
[792 804 791 22 17 21 380 382 8] [1 1 -1 3] face
[796 805 795 24 19 23 381 383 9] [1 1 1 3] face
[798 806 797 808 799 807 745 746 747] [1 1 3 1] face
[724 728 803 789 301 151 149 259 677 671 700 399 422 309 727 810 809 224 144 209 674 708 408 232 82 812 80 152 68 551 616 557 465 423 813 811 245 615 647 410 397 393 260 385 748 706 243 411] [0 1 -1 0] face
[814 810 809 816 815 811 749 748 750] [1 3 -1 1] face
[730 734 805 795 725 729 804 791 686 680 702 678 673 701 733 818 817 727 814 809 683 711 675 708 25 821 23 820 21 517 621 529 620 527 822 819 815 619 650 648 383 375 382 373 751 709 749 707] [0 1 0 1] face
[818 823 817 825 819 824 751 752 753] [1 3 1 1] face
[731 735 806 797 270 126 121 247 687 682 705 398 413 276 733 823 817 222 116 203 684 711 403 228 827 826 807 127 251 624 627 643 455 415 828 824 207 626 651 405 746 704 249 416 752 710 205 406] [0 1 1 0] face
[75 768 83 197 65 769 829 198 84] [1 -1 -1 0] face
[12 775 27 774 26 776 831 830 28] [1 -1 0 1] face
[782 780 833 180 182 781 832 181 834] [1 -1 1 0] face
[717 716 784 771 714 783 767 757 755 793 14 29 77 85 774 26 768 83 759 830 829 30 86 835] [1 -1 -1 1] face
[723 720 785 773 722 786 778 761 763 800 16 31 788 836 775 27 780 833 765 831 832 32 838 837] [1 -1 1 1] face
[18 794 33 793 29 79 87 85 4] [1 0 -1 1] face
[20 801 34 800 31 802 839 836 35] [1 0 1 1] face
[82 812 88 152 59 813 840 153 89] [1 1 -1 0] face
[726 729 792 804 728 790 803 814 810 794 22 33 81 87 820 36 812 88 816 841 840 1 48 51] [1 1 -1 1] face
[25 821 37 820 36 822 842 841 38] [1 1 0 1] face
[732 734 796 805 735 798 806 818 823 801 24 34 808 839 821 37 826 843 825 842 844 39 845 846] [1 1 1 1] face
[827 826 843 127 128 828 844 129 847] [1 1 1 0] face
[776 765 831 762 199 178 166 332 759 830 758 195 184 335 781 832 764 181 360 769 829 756 198 363 28 837 41 201 95 98 835 40 104 106 834 849 99 84 90 54 741 738 359 362 850 848 100 107] [1 -1 0 0] face
[30 86 5 835 40 90 42 91 848] [3 -1 -1 1] face
[32 838 43 837 41 849 44 851 850] [3 -1 1 1] face
[159 124 113 253 164 147 140 256 174 157 266 190 163 293 136 110 213 134 216 200 167 324 185 327 161 130 854 63 154 92 96 101 105 55 138 855 852 201 98 106 254 325 257 328 856 102 853 108] [1 0 0 -1] face
[154 60 92 155 852 93 853 94 857] [3 1 -1 -1] face
[130 131 854 132 855 858 856 859 860] [3 1 1 -1] face
[802 808 839 799 160 122 114 248 788 836 787 172 158 263 827 843 807 128 251 782 833 779 182 322 35 845 45 161 131 854 838 43 97 101 847 861 858 834 849 99 747 744 250 321 862 851 859 103] [1 0 1 0] face
[39 845 45 846 46 861 47 862 863] [3 1 1 1] face
[822 825 842 819 137 117 111 204 816 841 815 145 135 210 828 844 824 129 207 813 840 811 153 245 38 846 46 138 132 855 51 2 155 852 847 861 858 89 49 93 753 750 206 244 863 52 860 857] [1 1 0 0] face
[47 44 862 851 856 102 859 103 3 42 50 91 853 108 94 56 863 52 860 857 850 848 100 107] [1 0 0 0] face
]
shape [0.5 0.5 0.5 0.5] translate [0.5 0.5 0.5 0.5] aligncenter "cantellated-24cell" def

