[
[1.2649110640673515 1.632993161855452 0.5773502691896257 1]
[1.2649110640673515 1.632993161855452 0.5773502691896257 -1]
[1.2649110640673515 1.632993161855452 -1.154700538379252 0]
[1.2649110640673515 0 1.7320508075688774 1]
[1.2649110640673515 0 1.7320508075688774 -1]
[1.2649110640673515 0 0 2]
[1.2649110640673515 0 0 -2]
[1.2649110640673515 0 -1.7320508075688774 1]
[1.2649110640673515 0 -1.7320508075688774 -1]
[1.2649110640673515 -1.632993161855452 1.1547005383792515 0]
[1.2649110640673515 -1.632993161855452 -0.5773502691896257 1]
[1.2649110640673515 -1.632993161855452 -0.5773502691896257 -1]
[-0.3162277660168379 1.2247448713915892 1.7320508075688774 1]
[-0.316227766016838 1.2247448713915892 1.7320508075688774 -1]
[-0.3162277660168379 1.2247448713915892 0 2]
[-0.3162277660168379 1.2247448713915892 0 -2]
[-0.316227766016838 1.2247448713915892 -1.7320508075688774 1]
[-0.316227766016838 1.2247448713915892 -1.7320508075688774 -1]
[-0.3162277660168379 -0.40824829046386313 1.1547005383792515 2]
[-0.3162277660168379 -0.40824829046386313 1.1547005383792515 -2]
[-0.3162277660168379 -0.40824829046386313 -2.3094010767585034 0]
[-0.316227766016838 -2.041241452319315 0.5773502691896257 1]
[-0.316227766016838 -2.041241452319315 0.5773502691896257 -1]
[-0.316227766016838 -2.041241452319315 -1.1547005383792515 0]
[-1.8973665961010273 0.8164965809277261 1.1547005383792515 0]
[-1.8973665961010273 0.8164965809277261 -0.5773502691896257 1]
[-1.8973665961010273 0.8164965809277261 -0.5773502691896257 -1]
[-1.8973665961010273 -0.8164965809277261 0.5773502691896257 1]
[-1.8973665961010273 -0.8164965809277261 0.5773502691896257 -1]
[-1.8973665961010273 -0.8164965809277261 -1.1547005383792515 0]
][
6 15 edge
1 15 edge
1 6 edge
8 17 edge
15 17 edge
6 8 edge
2 17 edge
2 8 edge
1 2 edge
13 19 edge
4 19 edge
4 13 edge
15 19 edge
13 15 edge
6 19 edge
4 6 edge
1 13 edge
1 4 edge
18 21 edge
9 21 edge
3 18 edge
3 9 edge
21 27 edge
18 27 edge
21 22 edge
9 22 edge
24 28 edge
19 28 edge
13 24 edge
27 28 edge
22 28 edge
24 27 edge
12 18 edge
12 24 edge
19 22 edge
4 9 edge
3 12 edge
12 13 edge
3 4 edge
10 21 edge
5 18 edge
5 10 edge
9 10 edge
3 5 edge
10 23 edge
20 23 edge
7 20 edge
7 10 edge
21 23 edge
27 29 edge
23 29 edge
25 29 edge
25 27 edge
20 29 edge
16 20 edge
16 25 edge
14 18 edge
14 25 edge
7 16 edge
5 14 edge
14 16 edge
5 7 edge
11 23 edge
10 11 edge
8 20 edge
8 11 edge
7 8 edge
22 23 edge
11 22 edge
9 11 edge
26 28 edge
24 26 edge
15 26 edge
28 29 edge
26 29 edge
25 26 edge
24 25 edge
17 20 edge
17 26 edge
16 17 edge
12 14 edge
6 11 edge
2 16 edge
2 7 edge
0 14 edge
0 5 edge
0 2 edge
0 12 edge
0 3 edge
0 1 edge
][
[8 2 1 7 6 5 0 3 4] [1.0954451150103328 1.4142135623730958 -1 -1.7320508075688774] face
[17 2 16 1 15 11 10 0 14 13 9 12] [1 1.2909944487358067 1.8257418583505522 -3.1622776601683724] face
[38 21 36 20 35 11 10 19 25 37 32 33 9 28 18 23 34 27 24 22 30 31 26 29] [-1 -1.2909944487358078 3.6514837167011196 0] face
[43 21 20 41 40 42 19 39 18] [1.0954451150103315 -1.414213562373092 1 1.7320508075688767] face
[61 41 59 40 47 58 46 39 44 60 56 57 54 55 18 23 45 53 48 22 50 52 51 49] [-1 -1.2909944487358056 -1.8257418583505522 3.162277660168378] face
[66 47 46 65 64 63 44 62 45] [1 -1.2909944487358038 -1.8257418583505505 0] face
[42 69 19 25 63 39 44 68 62 24 48 67] [1 -3.8729833462074112 0 0] face
[13 9 28 12 72 27 71 26 70] [-2.323790007724448 1 1.414213562373094 -2.4494897427831748] face
[24 48 22 67 30 50 29 49 73] [-1 -1.2909944487358056 0 0] face
[76 71 31 26 75 52 51 70 74 29 49 73] [-1 0 0 0] face
[79 54 55 77 78 53 75 51 74] [-2.3237900077244498 1 -2.828427124746189 0] face
[80 32 33 56 57 23 76 31 52] [-2.323790007724448 1 1.4142135623730945 2.449489742783175] face
[5 81 0 14 65 3 64 68 62 4 12 72 77 78 34 27 45 53 67 30 50 70 74 73] [-1 -1.2909944487358056 -1.8257418583505531 -3.162277660168378] face
[15 35 10 81 14 69 25 68 34] [1.0954451150103321 -1.414213562373093 1 -1.7320508075688759] face
[83 7 82 6 66 58 46 3 64 79 54 77] [1 1.2909944487358067 -3.6514837167011045 0] face
[86 85 84 83 82 61 59 58 60] [1.095445115010333 1.4142135623730965 -1 1.7320508075688807] face
[88 85 87 84 43 36 20 59 40 80 32 56] [1 1.2909944487358112 1.8257418583505598 3.1622776601683866] face
[89 88 87 17 16 38 36 11 37] [1 1.2909944487358052 1.8257418583505574 0] face
[89 86 87 84 8 16 1 82 6 37 80 33 13 28 60 57 4 72 79 55 78 76 71 75] [-1 3.8729833462074175 0 0] face
[89 86 88 85 8 17 2 83 7 38 43 21 15 35 61 41 5 81 66 47 65 42 69 63] [1 0 0 0] face
]
shape [0.5 0.5 0.5 0.5] translate [0.5 0.5 0.5 0.5] aligncenter "cantellated-5cell" def

