[
[1 2.4142135623730954 3.8284271247461907 3.8284271247461907]
[1 2.4142135623730954 3.8284271247461907 -3.8284271247461907]
[1 2.4142135623730954 -3.8284271247461907 3.8284271247461907]
[1 2.4142135623730954 -3.8284271247461907 -3.8284271247461907]
[1 -2.4142135623730954 3.8284271247461907 3.8284271247461907]
[1 -2.4142135623730954 3.8284271247461907 -3.8284271247461907]
[1 -2.4142135623730954 -3.8284271247461907 3.8284271247461907]
[1 -2.4142135623730954 -3.8284271247461907 -3.8284271247461907]
[-1 2.4142135623730954 3.8284271247461907 3.8284271247461907]
[-1 2.4142135623730954 3.8284271247461907 -3.8284271247461907]
[-1 2.4142135623730954 -3.8284271247461907 3.8284271247461907]
[-1 2.4142135623730954 -3.8284271247461907 -3.8284271247461907]
[-1 -2.4142135623730954 3.8284271247461907 3.8284271247461907]
[-1 -2.4142135623730954 3.8284271247461907 -3.8284271247461907]
[-1 -2.4142135623730954 -3.8284271247461907 3.8284271247461907]
[-1 -2.4142135623730954 -3.8284271247461907 -3.8284271247461907]
[1 3.8284271247461907 2.4142135623730954 3.8284271247461907]
[1 3.8284271247461907 2.4142135623730954 -3.8284271247461907]
[1 3.8284271247461907 -2.4142135623730954 3.8284271247461907]
[1 3.8284271247461907 -2.4142135623730954 -3.8284271247461907]
[1 -3.8284271247461907 2.4142135623730954 3.8284271247461907]
[1 -3.8284271247461907 2.4142135623730954 -3.8284271247461907]
[1 -3.8284271247461907 -2.4142135623730954 3.8284271247461907]
[1 -3.8284271247461907 -2.4142135623730954 -3.8284271247461907]
[-1 3.8284271247461907 2.4142135623730954 3.8284271247461907]
[-1 3.8284271247461907 2.4142135623730954 -3.8284271247461907]
[-1 3.8284271247461907 -2.4142135623730954 3.8284271247461907]
[-1 3.8284271247461907 -2.4142135623730954 -3.8284271247461907]
[-1 -3.8284271247461907 2.4142135623730954 3.8284271247461907]
[-1 -3.8284271247461907 2.4142135623730954 -3.8284271247461907]
[-1 -3.8284271247461907 -2.4142135623730954 3.8284271247461907]
[-1 -3.8284271247461907 -2.4142135623730954 -3.8284271247461907]
[1 3.8284271247461907 3.8284271247461907 2.4142135623730954]
[1 3.8284271247461907 3.8284271247461907 -2.4142135623730954]
[1 3.8284271247461907 -3.8284271247461907 2.4142135623730954]
[1 3.8284271247461907 -3.8284271247461907 -2.4142135623730954]
[1 -3.8284271247461907 3.8284271247461907 2.4142135623730954]
[1 -3.8284271247461907 3.8284271247461907 -2.4142135623730954]
[1 -3.8284271247461907 -3.8284271247461907 2.4142135623730954]
[1 -3.8284271247461907 -3.8284271247461907 -2.4142135623730954]
[-1 3.8284271247461907 3.8284271247461907 2.4142135623730954]
[-1 3.8284271247461907 3.8284271247461907 -2.4142135623730954]
[-1 3.8284271247461907 -3.8284271247461907 2.4142135623730954]
[-1 3.8284271247461907 -3.8284271247461907 -2.4142135623730954]
[-1 -3.8284271247461907 3.8284271247461907 2.4142135623730954]
[-1 -3.8284271247461907 3.8284271247461907 -2.4142135623730954]
[-1 -3.8284271247461907 -3.8284271247461907 2.4142135623730954]
[-1 -3.8284271247461907 -3.8284271247461907 -2.4142135623730954]
[2.4142135623730954 1 3.8284271247461907 3.8284271247461907]
[2.4142135623730954 1 3.8284271247461907 -3.8284271247461907]
[2.4142135623730954 1 -3.8284271247461907 3.8284271247461907]
[2.4142135623730954 1 -3.8284271247461907 -3.8284271247461907]
[2.4142135623730954 -1 3.8284271247461907 3.8284271247461907]
[2.4142135623730954 -1 3.8284271247461907 -3.8284271247461907]
[2.4142135623730954 -1 -3.8284271247461907 3.8284271247461907]
[2.4142135623730954 -1 -3.8284271247461907 -3.8284271247461907]
[-2.4142135623730954 1 3.8284271247461907 3.8284271247461907]
[-2.4142135623730954 1 3.8284271247461907 -3.8284271247461907]
[-2.4142135623730954 1 -3.8284271247461907 3.8284271247461907]
[-2.4142135623730954 1 -3.8284271247461907 -3.8284271247461907]
[-2.4142135623730954 -1 3.8284271247461907 3.8284271247461907]
[-2.4142135623730954 -1 3.8284271247461907 -3.8284271247461907]
[-2.4142135623730954 -1 -3.8284271247461907 3.8284271247461907]
[-2.4142135623730954 -1 -3.8284271247461907 -3.8284271247461907]
[2.4142135623730954 3.8284271247461907 1 3.8284271247461907]
[2.4142135623730954 3.8284271247461907 1 -3.8284271247461907]
[2.4142135623730954 3.8284271247461907 -1 3.8284271247461907]
[2.4142135623730954 3.8284271247461907 -1 -3.8284271247461907]
[2.4142135623730954 -3.8284271247461907 1 3.8284271247461907]
[2.4142135623730954 -3.8284271247461907 1 -3.8284271247461907]
[2.4142135623730954 -3.8284271247461907 -1 3.8284271247461907]
[2.4142135623730954 -3.8284271247461907 -1 -3.8284271247461907]
[-2.4142135623730954 3.8284271247461907 1 3.8284271247461907]
[-2.4142135623730954 3.8284271247461907 1 -3.8284271247461907]
[-2.4142135623730954 3.8284271247461907 -1 3.8284271247461907]
[-2.4142135623730954 3.8284271247461907 -1 -3.8284271247461907]
[-2.4142135623730954 -3.8284271247461907 1 3.8284271247461907]
[-2.4142135623730954 -3.8284271247461907 1 -3.8284271247461907]
[-2.4142135623730954 -3.8284271247461907 -1 3.8284271247461907]
[-2.4142135623730954 -3.8284271247461907 -1 -3.8284271247461907]
[2.4142135623730954 3.8284271247461907 3.8284271247461907 1]
[2.4142135623730954 3.8284271247461907 3.8284271247461907 -1]
[2.4142135623730954 3.8284271247461907 -3.8284271247461907 1]
[2.4142135623730954 3.8284271247461907 -3.8284271247461907 -1]
[2.4142135623730954 -3.8284271247461907 3.8284271247461907 1]
[2.4142135623730954 -3.8284271247461907 3.8284271247461907 -1]
[2.4142135623730954 -3.8284271247461907 -3.8284271247461907 1]
[2.4142135623730954 -3.8284271247461907 -3.8284271247461907 -1]
[-2.4142135623730954 3.8284271247461907 3.8284271247461907 1]
[-2.4142135623730954 3.8284271247461907 3.8284271247461907 -1]
[-2.4142135623730954 3.8284271247461907 -3.8284271247461907 1]
[-2.4142135623730954 3.8284271247461907 -3.8284271247461907 -1]
[-2.4142135623730954 -3.8284271247461907 3.8284271247461907 1]
[-2.4142135623730954 -3.8284271247461907 3.8284271247461907 -1]
[-2.4142135623730954 -3.8284271247461907 -3.8284271247461907 1]
[-2.4142135623730954 -3.8284271247461907 -3.8284271247461907 -1]
[3.8284271247461907 1 2.4142135623730954 3.8284271247461907]
[3.8284271247461907 1 2.4142135623730954 -3.8284271247461907]
[3.8284271247461907 1 -2.4142135623730954 3.8284271247461907]
[3.8284271247461907 1 -2.4142135623730954 -3.8284271247461907]
[3.8284271247461907 -1 2.4142135623730954 3.8284271247461907]
[3.8284271247461907 -1 2.4142135623730954 -3.8284271247461907]
[3.8284271247461907 -1 -2.4142135623730954 3.8284271247461907]
[3.8284271247461907 -1 -2.4142135623730954 -3.8284271247461907]
[-3.8284271247461907 1 2.4142135623730954 3.8284271247461907]
[-3.8284271247461907 1 2.4142135623730954 -3.8284271247461907]
[-3.8284271247461907 1 -2.4142135623730954 3.8284271247461907]
[-3.8284271247461907 1 -2.4142135623730954 -3.8284271247461907]
[-3.8284271247461907 -1 2.4142135623730954 3.8284271247461907]
[-3.8284271247461907 -1 2.4142135623730954 -3.8284271247461907]
[-3.8284271247461907 -1 -2.4142135623730954 3.8284271247461907]
[-3.8284271247461907 -1 -2.4142135623730954 -3.8284271247461907]
[3.8284271247461907 1 3.8284271247461907 2.4142135623730954]
[3.8284271247461907 1 3.8284271247461907 -2.4142135623730954]
[3.8284271247461907 1 -3.8284271247461907 2.4142135623730954]
[3.8284271247461907 1 -3.8284271247461907 -2.4142135623730954]
[3.8284271247461907 -1 3.8284271247461907 2.4142135623730954]
[3.8284271247461907 -1 3.8284271247461907 -2.4142135623730954]
[3.8284271247461907 -1 -3.8284271247461907 2.4142135623730954]
[3.8284271247461907 -1 -3.8284271247461907 -2.4142135623730954]
[-3.8284271247461907 1 3.8284271247461907 2.4142135623730954]
[-3.8284271247461907 1 3.8284271247461907 -2.4142135623730954]
[-3.8284271247461907 1 -3.8284271247461907 2.4142135623730954]
[-3.8284271247461907 1 -3.8284271247461907 -2.4142135623730954]
[-3.8284271247461907 -1 3.8284271247461907 2.4142135623730954]
[-3.8284271247461907 -1 3.8284271247461907 -2.4142135623730954]
[-3.8284271247461907 -1 -3.8284271247461907 2.4142135623730954]
[-3.8284271247461907 -1 -3.8284271247461907 -2.4142135623730954]
[3.8284271247461907 2.4142135623730954 1 3.8284271247461907]
[3.8284271247461907 2.4142135623730954 1 -3.8284271247461907]
[3.8284271247461907 2.4142135623730954 -1 3.8284271247461907]
[3.8284271247461907 2.4142135623730954 -1 -3.8284271247461907]
[3.8284271247461907 -2.4142135623730954 1 3.8284271247461907]
[3.8284271247461907 -2.4142135623730954 1 -3.8284271247461907]
[3.8284271247461907 -2.4142135623730954 -1 3.8284271247461907]
[3.8284271247461907 -2.4142135623730954 -1 -3.8284271247461907]
[-3.8284271247461907 2.4142135623730954 1 3.8284271247461907]
[-3.8284271247461907 2.4142135623730954 1 -3.8284271247461907]
[-3.8284271247461907 2.4142135623730954 -1 3.8284271247461907]
[-3.8284271247461907 2.4142135623730954 -1 -3.8284271247461907]
[-3.8284271247461907 -2.4142135623730954 1 3.8284271247461907]
[-3.8284271247461907 -2.4142135623730954 1 -3.8284271247461907]
[-3.8284271247461907 -2.4142135623730954 -1 3.8284271247461907]
[-3.8284271247461907 -2.4142135623730954 -1 -3.8284271247461907]
[3.8284271247461907 2.4142135623730954 3.8284271247461907 1]
[3.8284271247461907 2.4142135623730954 3.8284271247461907 -1]
[3.8284271247461907 2.4142135623730954 -3.8284271247461907 1]
[3.8284271247461907 2.4142135623730954 -3.8284271247461907 -1]
[3.8284271247461907 -2.4142135623730954 3.8284271247461907 1]
[3.8284271247461907 -2.4142135623730954 3.8284271247461907 -1]
[3.8284271247461907 -2.4142135623730954 -3.8284271247461907 1]
[3.8284271247461907 -2.4142135623730954 -3.8284271247461907 -1]
[-3.8284271247461907 2.4142135623730954 3.8284271247461907 1]
[-3.8284271247461907 2.4142135623730954 3.8284271247461907 -1]
[-3.8284271247461907 2.4142135623730954 -3.8284271247461907 1]
[-3.8284271247461907 2.4142135623730954 -3.8284271247461907 -1]
[-3.8284271247461907 -2.4142135623730954 3.8284271247461907 1]
[-3.8284271247461907 -2.4142135623730954 3.8284271247461907 -1]
[-3.8284271247461907 -2.4142135623730954 -3.8284271247461907 1]
[-3.8284271247461907 -2.4142135623730954 -3.8284271247461907 -1]
[3.8284271247461907 3.8284271247461907 1 2.4142135623730954]
[3.8284271247461907 3.8284271247461907 1 -2.4142135623730954]
[3.8284271247461907 3.8284271247461907 -1 2.4142135623730954]
[3.8284271247461907 3.8284271247461907 -1 -2.4142135623730954]
[3.8284271247461907 -3.8284271247461907 1 2.4142135623730954]
[3.8284271247461907 -3.8284271247461907 1 -2.4142135623730954]
[3.8284271247461907 -3.8284271247461907 -1 2.4142135623730954]
[3.8284271247461907 -3.8284271247461907 -1 -2.4142135623730954]
[-3.8284271247461907 3.8284271247461907 1 2.4142135623730954]
[-3.8284271247461907 3.8284271247461907 1 -2.4142135623730954]
[-3.8284271247461907 3.8284271247461907 -1 2.4142135623730954]
[-3.8284271247461907 3.8284271247461907 -1 -2.4142135623730954]
[-3.8284271247461907 -3.8284271247461907 1 2.4142135623730954]
[-3.8284271247461907 -3.8284271247461907 1 -2.4142135623730954]
[-3.8284271247461907 -3.8284271247461907 -1 2.4142135623730954]
[-3.8284271247461907 -3.8284271247461907 -1 -2.4142135623730954]
[3.8284271247461907 3.8284271247461907 2.4142135623730954 1]
[3.8284271247461907 3.8284271247461907 2.4142135623730954 -1]
[3.8284271247461907 3.8284271247461907 -2.4142135623730954 1]
[3.8284271247461907 3.8284271247461907 -2.4142135623730954 -1]
[3.8284271247461907 -3.8284271247461907 2.4142135623730954 1]
[3.8284271247461907 -3.8284271247461907 2.4142135623730954 -1]
[3.8284271247461907 -3.8284271247461907 -2.4142135623730954 1]
[3.8284271247461907 -3.8284271247461907 -2.4142135623730954 -1]
[-3.8284271247461907 3.8284271247461907 2.4142135623730954 1]
[-3.8284271247461907 3.8284271247461907 2.4142135623730954 -1]
[-3.8284271247461907 3.8284271247461907 -2.4142135623730954 1]
[-3.8284271247461907 3.8284271247461907 -2.4142135623730954 -1]
[-3.8284271247461907 -3.8284271247461907 2.4142135623730954 1]
[-3.8284271247461907 -3.8284271247461907 2.4142135623730954 -1]
[-3.8284271247461907 -3.8284271247461907 -2.4142135623730954 1]
[-3.8284271247461907 -3.8284271247461907 -2.4142135623730954 -1]
][
65 129 edge
65 161 edge
129 161 edge
49 97 edge
1 17 edge
1 49 edge
17 65 edge
97 129 edge
49 113 edge
97 113 edge
1 33 edge
17 33 edge
81 145 edge
33 81 edge
113 145 edge
81 177 edge
145 177 edge
161 177 edge
67 131 edge
67 163 edge
131 163 edge
65 67 edge
129 131 edge
161 163 edge
51 99 edge
3 19 edge
3 51 edge
19 67 edge
99 131 edge
51 115 edge
99 115 edge
3 35 edge
19 35 edge
83 147 edge
35 83 edge
115 147 edge
83 179 edge
147 179 edge
163 179 edge
53 101 edge
49 53 edge
97 101 edge
55 103 edge
51 55 edge
99 103 edge
69 133 edge
5 21 edge
21 69 edge
5 53 edge
101 133 edge
71 135 edge
7 23 edge
23 71 edge
7 55 edge
103 135 edge
69 71 edge
133 135 edge
9 25 edge
1 9 edge
17 25 edge
11 27 edge
3 11 edge
19 27 edge
13 29 edge
21 29 edge
5 13 edge
15 31 edge
23 31 edge
7 15 edge
73 137 edge
57 105 edge
105 137 edge
9 57 edge
25 73 edge
75 139 edge
59 107 edge
107 139 edge
11 59 edge
27 75 edge
61 109 edge
77 141 edge
109 141 edge
29 77 edge
13 61 edge
63 111 edge
79 143 edge
111 143 edge
31 79 edge
15 63 edge
137 139 edge
73 75 edge
105 109 edge
57 61 edge
107 111 edge
59 63 edge
141 143 edge
77 79 edge
53 117 edge
101 117 edge
113 117 edge
55 119 edge
103 119 edge
115 119 edge
69 165 edge
133 165 edge
21 37 edge
5 37 edge
85 181 edge
37 85 edge
165 181 edge
85 149 edge
149 181 edge
117 149 edge
71 167 edge
135 167 edge
23 39 edge
7 39 edge
87 183 edge
39 87 edge
167 183 edge
87 151 edge
151 183 edge
119 151 edge
165 167 edge
9 41 edge
25 41 edge
33 41 edge
11 43 edge
27 43 edge
35 43 edge
29 45 edge
13 45 edge
37 45 edge
31 47 edge
15 47 edge
39 47 edge
137 169 edge
73 169 edge
105 121 edge
57 121 edge
153 185 edge
121 153 edge
169 185 edge
89 153 edge
89 185 edge
41 89 edge
139 171 edge
75 171 edge
107 123 edge
59 123 edge
155 187 edge
123 155 edge
171 187 edge
91 155 edge
91 187 edge
43 91 edge
109 125 edge
61 125 edge
141 173 edge
77 173 edge
157 189 edge
173 189 edge
125 157 edge
93 189 edge
93 157 edge
45 93 edge
111 127 edge
63 127 edge
143 175 edge
79 175 edge
159 191 edge
175 191 edge
127 159 edge
95 191 edge
95 159 edge
47 95 edge
169 171 edge
121 125 edge
123 127 edge
173 175 edge
158 190 edge
190 191 edge
158 159 edge
142 174 edge
140 172 edge
172 174 edge
140 142 edge
156 188 edge
188 189 edge
156 157 edge
110 126 edge
106 122 edge
122 126 edge
106 110 edge
108 124 edge
104 120 edge
104 108 edge
120 124 edge
154 186 edge
154 155 edge
186 187 edge
138 170 edge
136 168 edge
136 138 edge
168 170 edge
152 184 edge
152 153 edge
184 185 edge
174 190 edge
126 158 edge
110 142 edge
172 188 edge
108 140 edge
124 156 edge
122 154 edge
106 138 edge
170 186 edge
104 136 edge
120 152 edge
168 184 edge
94 190 edge
94 158 edge
94 95 edge
78 174 edge
78 142 edge
76 172 edge
76 140 edge
76 78 edge
92 188 edge
92 156 edge
92 93 edge
62 126 edge
62 110 edge
58 122 edge
58 106 edge
58 62 edge
60 108 edge
60 124 edge
56 104 edge
56 120 edge
56 60 edge
90 154 edge
90 186 edge
90 91 edge
74 138 edge
74 170 edge
72 136 edge
72 168 edge
72 74 edge
88 152 edge
88 184 edge
88 89 edge
30 46 edge
14 46 edge
14 30 edge
46 94 edge
30 78 edge
14 62 edge
28 44 edge
12 28 edge
12 44 edge
28 76 edge
44 92 edge
12 60 edge
10 42 edge
10 26 edge
26 42 edge
10 58 edge
42 90 edge
26 74 edge
8 24 edge
8 40 edge
24 40 edge
8 56 edge
24 72 edge
40 88 edge
22 38 edge
38 46 edge
22 30 edge
6 38 edge
6 22 edge
6 14 edge
20 36 edge
20 28 edge
36 44 edge
4 20 edge
4 36 edge
4 12 edge
2 10 edge
2 34 edge
34 42 edge
2 18 edge
18 26 edge
18 34 edge
0 8 edge
0 16 edge
16 24 edge
0 32 edge
32 40 edge
16 32 edge
86 182 edge
86 87 edge
182 183 edge
70 166 edge
68 164 edge
68 70 edge
164 166 edge
84 180 edge
84 85 edge
180 181 edge
38 86 edge
22 70 edge
166 182 edge
20 68 edge
36 84 edge
164 180 edge
86 150 edge
150 182 edge
150 151 edge
70 134 edge
134 166 edge
68 132 edge
132 164 edge
132 134 edge
84 148 edge
148 180 edge
148 149 edge
54 118 edge
54 102 edge
102 118 edge
6 54 edge
118 150 edge
102 134 edge
52 100 edge
52 116 edge
100 116 edge
4 52 edge
100 132 edge
116 148 edge
50 54 edge
50 114 edge
114 118 edge
50 98 edge
98 102 edge
98 114 edge
48 52 edge
48 96 edge
96 100 edge
48 112 edge
112 116 edge
96 112 edge
2 50 edge
82 146 edge
82 83 edge
146 147 edge
34 82 edge
114 146 edge
0 48 edge
66 130 edge
18 66 edge
98 130 edge
64 128 edge
64 66 edge
128 130 edge
16 64 edge
96 128 edge
80 144 edge
32 80 edge
112 144 edge
80 81 edge
144 145 edge
82 178 edge
146 178 edge
178 179 edge
66 162 edge
130 162 edge
162 178 edge
64 160 edge
128 160 edge
160 162 edge
80 176 edge
144 176 edge
160 176 edge
176 177 edge
][
[4 10 5 11 6 13 3 8 0 1 12 15 9 7 14 2 16 17] [1 1 1 -1] face
[21 0 1 18 19 22 2 20 23] [1 1 0 -1] face
[25 31 26 32 27 34 24 29 18 19 33 36 30 28 35 20 37 38] [1 1 -1 -1] face
[58 4 5 61 25 26 65 46 48 68 51 53 57 72 60 77 63 83 66 88 59 6 62 27 64 47 67 52 73 78 82 87 40 3 43 24 39 42 92 70 94 75 79 84 21 0 18 55 45 50 90 69 74 96 80 85 41 7 44 28 49 54 91 71 93 76 81 86 22 56 89 95] [0 0 0 -1] face
[40 3 8 39 97 41 9 98 99] [1 0 1 -1] face
[43 24 29 42 100 44 30 101 102] [1 0 -1 -1] face
[46 106 48 105 47 108 39 97 45 103 110 107 98 49 112 104 111 109] [1 -1 1 -1] face
[51 116 53 115 52 118 42 100 50 113 120 117 101 54 122 114 121 119] [1 -1 -1 -1] face
[55 45 103 50 113 56 104 114 123] [1 -1 0 -1] face
[58 4 10 57 124 59 11 125 126] [0 1 1 -1] face
[61 25 31 60 127 62 32 128 129] [0 1 -1 -1] face
[65 46 106 63 131 64 105 130 132] [0 -1 1 -1] face
[68 51 116 66 134 67 115 133 135] [0 -1 -1 -1] face
[57 124 72 125 73 145 70 139 69 137 143 144 138 71 141 136 140 142] [-1 1 1 -1] face
[60 127 77 128 78 155 75 149 74 147 153 154 148 76 151 146 150 152] [-1 1 -1 -1] face
[63 131 83 130 82 165 79 157 80 159 164 163 156 81 162 158 160 161] [-1 -1 1 -1] face
[66 134 88 133 87 175 84 167 85 169 174 173 166 86 172 168 170 171] [-1 -1 -1 -1] face
[90 69 137 74 147 89 136 146 176] [-1 1 0 -1] face
[92 70 139 79 157 91 138 156 177] [-1 0 1 -1] face
[94 75 149 84 167 93 148 166 178] [-1 0 -1 -1] face
[96 80 159 85 169 95 158 168 179] [-1 -1 0 -1] face
[196 195 217 91 138 71 193 191 215 93 148 76 194 212 156 81 190 210 166 86 197 218 177 141 192 214 178 151 213 162 209 172 203 202 89 136 201 146 186 184 95 158 183 168 206 205 140 199 198 150 189 187 160 182 180 170 204 219 176 142 216 152 185 211 179 161 208 171 207 200 188 181] [-1 0 0 0] face
[222 221 220 174 173 182 180 170 181] [-1 -1 -1 0] face
[227 226 225 224 223 186 184 183 185] [-1 -1 0 1] face
[230 229 228 164 163 189 187 160 188] [-1 -1 1 0] face
[235 234 233 232 231 193 191 190 192] [-1 0 -1 1] face
[240 238 239 236 237 196 195 194 197] [-1 0 1 1] face
[243 241 242 153 154 199 198 150 200] [-1 1 -1 0] face
[248 246 247 244 245 203 202 201 204] [-1 1 0 1] face
[251 249 250 143 144 206 205 140 207] [-1 1 1 0] face
[254 253 257 252 256 255 232 231 224 223 221 220 190 210 209 183 180 208] [-1 -1 -1 1] face
[259 260 263 258 261 262 236 237 226 225 229 228 194 212 213 184 187 211] [-1 -1 1 1] face
[265 264 267 266 269 268 234 233 244 245 241 242 191 215 214 201 198 216] [-1 1 -1 1] face
[270 271 273 272 274 275 238 239 246 247 249 250 195 217 218 202 205 219] [-1 1 1 1] face
[281 280 279 254 253 278 276 252 277] [0 -1 -1 1] face
[287 285 286 259 260 283 282 258 284] [0 -1 1 1] face
[288 291 289 265 264 292 293 266 290] [0 1 -1 1] face
[294 295 297 270 271 296 299 272 298] [0 1 1 1] face
[283 282 313 64 105 47 278 276 311 67 115 52 258 261 130 82 252 256 133 87 284 314 132 108 277 310 135 118 262 165 255 175 305 304 55 103 303 113 227 225 96 159 223 169 308 307 107 301 300 117 230 228 163 222 220 173 306 315 123 109 312 119 185 211 179 161 208 171 309 302 188 181] [0 -1 0 0] face
[301 316 300 120 117 318 317 121 302] [1 -1 -1 0] face
[305 321 304 319 303 323 322 320 306] [1 -1 0 1] face
[308 324 307 110 107 326 325 111 309] [1 -1 1 0] face
[280 279 330 276 311 310 328 327 319 303 316 300 329 332 331 320 317 312] [1 -1 -1 1] face
[285 286 336 282 313 314 333 334 321 304 324 307 335 337 338 322 325 315] [1 -1 1 1] face
[339 342 340 328 327 343 344 329 341] [1 0 -1 1] face
[345 346 348 333 334 347 350 335 349] [1 0 1 1] face
[288 289 351 61 31 26 281 279 330 68 116 53 264 267 127 77 253 257 134 88 290 355 129 34 277 310 135 118 268 155 255 175 339 340 43 29 327 100 235 233 94 149 231 167 353 352 33 301 316 120 243 241 153 222 221 174 341 356 102 35 331 122 192 214 178 151 209 172 354 318 199 182] [0 0 -1 0] face
[294 295 357 288 291 351 287 285 336 281 280 330 270 273 265 267 259 263 254 257 296 364 292 359 283 313 278 311 274 269 261 256 345 346 339 342 333 328 240 238 235 234 236 232 362 361 358 305 321 319 248 246 244 227 226 224 347 365 343 360 337 332 196 217 193 215 212 210 363 323 203 186] [0 0 0 1] face
[294 297 357 58 10 5 287 286 336 65 106 48 271 273 124 72 260 263 131 83 298 367 126 13 284 314 132 108 275 145 262 165 345 348 40 8 334 97 240 239 92 139 237 157 369 366 12 308 324 110 251 249 143 230 229 164 349 368 99 14 338 112 197 218 177 141 213 162 370 326 206 189] [0 0 1 0] face
[353 352 371 33 36 354 372 37 373] [1 1 -1 0] face
[291 289 351 293 359 355 342 340 358 374 352 371 344 360 356 375 372 376] [1 1 -1 1] face
[362 361 377 358 374 363 378 375 379] [1 1 0 1] face
[295 297 357 299 364 367 346 348 361 377 366 380 350 365 368 378 381 382] [1 1 1 1] face
[369 366 380 12 15 370 381 16 383] [1 1 1 0] face
[296 299 364 59 11 6 292 293 359 62 32 27 272 274 125 73 266 269 128 78 298 367 126 13 290 355 129 34 275 145 268 155 362 377 21 1 374 19 248 247 90 137 245 147 369 380 15 353 371 36 251 250 144 243 242 154 379 382 23 17 376 38 204 219 176 142 216 152 383 373 207 200] [0 1 0 0] face
[347 350 365 41 9 7 343 344 360 44 30 28 335 337 98 49 329 332 101 54 349 368 99 14 341 356 102 35 338 112 331 122 363 378 22 2 375 20 323 322 56 104 320 114 370 381 16 354 372 37 326 325 111 318 317 121 379 382 23 17 376 38 306 315 123 109 312 119 383 373 309 302] [1 0 0 0] face
]
shape [0.5 0.5 0.5 0.5] translate [0.5 0.5 0.5 0.5] aligncenter "cantitruncated-tesseract" def

