[
[3.1622776601683795 2.4494897427831783 1.7320508075688774 1]
[3.1622776601683795 2.449489742783178 1.7320508075688774 -1]
[3.1622776601683795 2.4494897427831783 0 2]
[3.1622776601683795 2.4494897427831783 0 -2]
[3.1622776601683795 2.449489742783178 -1.7320508075688779 1]
[3.1622776601683795 2.4494897427831783 -1.7320508075688774 -1]
[3.1622776601683795 0.8164965809277261 2.8867513459481287 1]
[3.1622776601683795 0.8164965809277261 2.8867513459481287 -1]
[3.1622776601683795 0.8164965809277259 -0.5773502691896257 3]
[3.1622776601683795 0.8164965809277259 -0.5773502691896257 -3]
[3.1622776601683795 0.8164965809277259 -2.309401076758503 2]
[3.1622776601683795 0.8164965809277259 -2.3094010767585034 -2]
[3.1622776601683795 -0.8164965809277258 2.3094010767585034 2]
[3.1622776601683795 -0.8164965809277261 2.309401076758503 -2]
[3.1622776601683795 -0.8164965809277258 0.5773502691896256 3]
[3.1622776601683795 -0.8164965809277259 0.5773502691896256 -3]
[3.1622776601683795 -0.8164965809277261 -2.8867513459481287 1]
[3.1622776601683795 -0.8164965809277261 -2.8867513459481295 -1]
[3.1622776601683795 -2.4494897427831783 1.7320508075688774 1]
[3.1622776601683795 -2.4494897427831783 1.7320508075688774 -1]
[3.1622776601683795 -2.4494897427831783 0 2]
[3.1622776601683795 -2.4494897427831783 0 -2]
[3.1622776601683795 -2.4494897427831783 -1.7320508075688774 1]
[3.1622776601683795 -2.4494897427831783 -1.7320508075688774 -1]
[1.5811388300841893 3.674234614174767 1.7320508075688774 1]
[1.5811388300841893 3.674234614174767 1.7320508075688774 -1]
[1.5811388300841893 3.674234614174767 0 2]
[1.5811388300841893 3.674234614174768 0 -2]
[1.5811388300841893 3.674234614174767 -1.7320508075688779 1]
[1.5811388300841893 3.674234614174767 -1.7320508075688774 -1]
[1.5811388300841893 0.4082482904638629 4.041451884327381 1]
[1.5811388300841893 0.4082482904638629 4.041451884327381 -1]
[1.5811388300841893 0.4082482904638629 -1.1547005383792515 4]
[1.5811388300841893 0.4082482904638629 -1.1547005383792515 -4]
[1.5811388300841893 0.4082482904638629 -2.8867513459481287 3]
[1.5811388300841893 0.4082482904638629 -2.8867513459481287 -3]
[1.5811388300841893 -1.224744871391589 3.464101615137755 2]
[1.5811388300841893 -1.2247448713915892 3.464101615137755 -2]
[1.5811388300841893 -1.224744871391589 0 4]
[1.5811388300841893 -1.224744871391589 0 -4]
[1.5811388300841893 -1.2247448713915892 -3.464101615137755 2]
[1.5811388300841893 -1.2247448713915892 -3.464101615137755 -2]
[1.5811388300841893 -2.8577380332470415 2.8867513459481287 1]
[1.5811388300841893 -2.8577380332470415 2.8867513459481287 -1]
[1.5811388300841893 -2.8577380332470415 -0.5773502691896257 3]
[1.5811388300841893 -2.8577380332470415 -0.5773502691896257 -3]
[1.5811388300841893 -2.8577380332470415 -2.3094010767585034 2]
[1.5811388300841893 -2.8577380332470415 -2.3094010767585034 -2]
[0 3.265986323710904 2.8867513459481287 1]
[0 3.265986323710904 2.8867513459481287 -1]
[0 3.265986323710904 -0.5773502691896257 3]
[0 3.265986323710904 -0.5773502691896257 -3]
[0 3.265986323710904 -2.309401076758503 2]
[0 3.265986323710904 -2.3094010767585034 -2]
[0 1.632993161855452 4.041451884327381 1]
[0 1.632993161855452 4.041451884327381 -1]
[0 1.632993161855452 -1.1547005383792515 4]
[0 1.632993161855452 -1.1547005383792515 -4]
[0 1.632993161855452 -2.8867513459481287 3]
[0 1.632993161855452 -2.8867513459481287 -3]
[0 -1.632993161855452 2.8867513459481287 3]
[0 -1.632993161855452 2.8867513459481287 -3]
[0 -1.632993161855452 1.1547005383792515 4]
[0 -1.632993161855452 1.1547005383792515 -4]
[0 -1.632993161855452 -4.041451884327381 1]
[0 -1.632993161855452 -4.041451884327381 -1]
[0 -3.265986323710904 2.3094010767585034 2]
[0 -3.265986323710904 2.3094010767585034 -2]
[0 -3.265986323710904 0.5773502691896257 3]
[0 -3.265986323710904 0.5773502691896257 -3]
[0 -3.265986323710904 -2.8867513459481287 1]
[0 -3.265986323710904 -2.8867513459481287 -1]
[-1.5811388300841893 2.8577380332470415 2.3094010767585034 2]
[-1.5811388300841893 2.8577380332470415 2.309401076758503 -2]
[-1.5811388300841893 2.8577380332470415 0.5773502691896256 3]
[-1.5811388300841893 2.8577380332470415 0.5773502691896256 -3]
[-1.5811388300841893 2.8577380332470415 -2.8867513459481287 1]
[-1.5811388300841893 2.8577380332470415 -2.8867513459481295 -1]
[-1.5811388300841893 1.224744871391589 3.464101615137755 2]
[-1.5811388300841893 1.224744871391589 3.464101615137755 -2]
[-1.5811388300841893 1.224744871391589 0 4]
[-1.5811388300841893 1.224744871391589 0 -4]
[-1.5811388300841893 1.224744871391589 -3.464101615137755 2]
[-1.5811388300841893 1.224744871391589 -3.464101615137755 -2]
[-1.5811388300841893 -0.40824829046386313 2.8867513459481287 3]
[-1.5811388300841893 -0.40824829046386324 2.8867513459481287 -3]
[-1.5811388300841893 -0.40824829046386313 1.1547005383792515 4]
[-1.5811388300841893 -0.40824829046386313 1.1547005383792515 -4]
[-1.5811388300841893 -0.40824829046386324 -4.041451884327381 1]
[-1.5811388300841893 -0.40824829046386324 -4.041451884327381 -1]
[-1.5811388300841893 -3.674234614174767 1.7320508075688774 1]
[-1.5811388300841893 -3.674234614174767 1.7320508075688774 -1]
[-1.5811388300841893 -3.674234614174767 0 2]
[-1.5811388300841893 -3.674234614174767 0 -2]
[-1.5811388300841893 -3.674234614174767 -1.7320508075688774 1]
[-1.5811388300841893 -3.674234614174767 -1.7320508075688774 -1]
[-3.1622776601683786 2.4494897427831783 1.7320508075688774 1]
[-3.1622776601683786 2.4494897427831783 1.7320508075688774 -1]
[-3.1622776601683786 2.4494897427831783 0 2]
[-3.1622776601683786 2.4494897427831783 0 -2]
[-3.1622776601683786 2.4494897427831783 -1.7320508075688774 1]
[-3.1622776601683786 2.4494897427831783 -1.7320508075688774 -1]
[-3.1622776601683786 0.8164965809277261 2.8867513459481287 1]
[-3.1622776601683786 0.8164965809277261 2.8867513459481287 -1]
[-3.1622776601683786 0.8164965809277261 -0.5773502691896257 3]
[-3.1622776601683786 0.8164965809277261 -0.5773502691896257 -3]
[-3.1622776601683786 0.8164965809277261 -2.3094010767585034 2]
[-3.1622776601683786 0.8164965809277261 -2.3094010767585034 -2]
[-3.1622776601683786 -0.8164965809277261 2.3094010767585034 2]
[-3.1622776601683786 -0.8164965809277261 2.3094010767585034 -2]
[-3.1622776601683786 -0.8164965809277261 0.5773502691896257 3]
[-3.1622776601683786 -0.8164965809277261 0.5773502691896257 -3]
[-3.1622776601683786 -0.8164965809277261 -2.8867513459481287 1]
[-3.1622776601683786 -0.8164965809277261 -2.8867513459481287 -1]
[-3.1622776601683786 -2.449489742783178 1.7320508075688774 1]
[-3.1622776601683786 -2.449489742783178 1.7320508075688774 -1]
[-3.1622776601683786 -2.449489742783178 0 2]
[-3.1622776601683786 -2.449489742783178 0 -2]
[-3.1622776601683786 -2.449489742783178 -1.7320508075688774 1]
[-3.1622776601683786 -2.449489742783178 -1.7320508075688774 -1]
][
9 33 edge
33 57 edge
51 57 edge
27 51 edge
3 27 edge
3 9 edge
15 39 edge
33 39 edge
9 15 edge
39 63 edge
61 63 edge
37 61 edge
13 37 edge
13 15 edge
57 81 edge
63 87 edge
81 87 edge
75 81 edge
51 75 edge
85 87 edge
61 85 edge
73 79 edge
79 85 edge
73 75 edge
55 79 edge
49 73 edge
49 55 edge
31 37 edge
31 55 edge
25 49 edge
25 27 edge
7 31 edge
7 13 edge
1 25 edge
1 7 edge
1 3 edge
33 35 edge
11 35 edge
9 11 edge
57 59 edge
35 59 edge
51 53 edge
53 59 edge
29 53 edge
27 29 edge
5 29 edge
5 11 edge
3 5 edge
39 45 edge
21 45 edge
15 21 edge
45 47 edge
41 47 edge
35 41 edge
23 47 edge
21 23 edge
17 41 edge
17 23 edge
11 17 edge
63 69 edge
45 69 edge
61 67 edge
67 69 edge
43 67 edge
37 43 edge
19 43 edge
19 21 edge
13 19 edge
81 105 edge
105 107 edge
83 107 edge
59 83 edge
87 111 edge
111 117 edge
93 117 edge
69 93 edge
105 111 edge
117 119 edge
107 113 edge
113 119 edge
95 119 edge
93 95 edge
89 113 edge
83 89 edge
71 95 edge
65 71 edge
65 89 edge
47 71 edge
41 65 edge
99 105 edge
75 99 edge
101 107 edge
99 101 edge
77 101 edge
77 83 edge
53 77 edge
109 111 edge
85 109 edge
115 117 edge
109 115 edge
91 115 edge
91 93 edge
67 91 edge
97 103 edge
103 109 edge
97 99 edge
79 103 edge
73 97 edge
118 119 edge
114 116 edge
116 118 edge
114 115 edge
112 113 edge
100 106 edge
106 112 edge
100 101 edge
108 110 edge
98 104 edge
96 102 edge
104 110 edge
102 108 edge
96 98 edge
112 118 edge
110 116 edge
108 114 edge
104 106 edge
98 100 edge
102 103 edge
96 97 edge
94 118 edge
94 95 edge
92 116 edge
90 114 edge
90 92 edge
92 94 edge
90 91 edge
88 112 edge
88 89 edge
82 106 edge
76 100 edge
76 82 edge
82 88 edge
76 77 edge
86 110 edge
84 108 edge
84 86 edge
80 104 edge
74 98 edge
74 80 edge
78 102 edge
72 96 edge
72 78 edge
80 86 edge
78 84 edge
72 74 edge
70 94 edge
64 70 edge
64 88 edge
70 71 edge
64 65 edge
68 92 edge
62 68 edge
62 86 edge
66 90 edge
60 66 edge
60 84 edge
66 68 edge
60 62 edge
58 82 edge
56 58 edge
56 80 edge
52 76 edge
50 52 edge
50 74 edge
52 58 edge
50 56 edge
54 78 edge
54 55 edge
48 72 edge
48 49 edge
48 54 edge
46 70 edge
44 68 edge
44 46 edge
40 46 edge
40 64 edge
38 44 edge
38 62 edge
34 40 edge
32 34 edge
32 38 edge
34 58 edge
32 56 edge
42 66 edge
42 43 edge
36 42 edge
36 60 edge
30 36 edge
30 31 edge
30 54 edge
28 52 edge
28 29 edge
26 50 edge
26 28 edge
24 48 edge
24 26 edge
24 25 edge
22 46 edge
22 23 edge
20 44 edge
18 42 edge
18 20 edge
20 22 edge
18 19 edge
16 40 edge
16 22 edge
16 17 edge
14 38 edge
14 20 edge
12 36 edge
12 18 edge
12 14 edge
10 34 edge
10 16 edge
8 32 edge
8 10 edge
8 14 edge
6 30 edge
6 12 edge
6 7 edge
4 28 edge
4 10 edge
4 5 edge
2 26 edge
2 8 edge
2 4 edge
0 24 edge
0 6 edge
0 2 edge
0 1 edge
][
[35 34 33 5 4 32 31 8 0 13 12 6 30 29 3 27 28 7 1 11 9 26 25 2 18 24 14 10 20 15 23 21 17 22 16 19] [1 1.2909944487358171 1.8257418583505718 -3.1622776601684266] face
[47 5 4 46 45 38 0 37 44 3 43 36 1 40 41 2 42 39] [1.095445115010325 1.4142135623730945 -1 -1.7320508075688827] face
[38 8 0 58 37 50 6 57 56 55 49 54 36 7 53 48 52 51] [2.3237900077244547 -1 -1.4142135623730945 -2.4494897427831868] face
[13 67 12 50 6 66 65 49 64 11 48 9 63 60 10 61 59 62] [1.0954451150103228 -1.4142135623730938 1 -1.7320508075688819] face
[36 7 1 53 40 48 9 52 88 51 60 87 39 14 71 59 15 85 86 75 84 16 68 83 70 72 82 81 74 80 69 76 78 73 79 77] [-1 -1.2909944487358056 -1.8257418583505531 -3.162277660168378] face
[41 2 18 42 95 39 14 71 17 90 94 93 68 70 92 89 91 69] [-1.095445115010331 1.4142135623730947 -1 -1.7320508075688785] face
[10 61 20 59 15 62 102 75 19 97 72 101 100 74 96 99 73 98] [-1.095445115010329 -1.4142135623730931 1 -1.7320508075688772] face
[23 21 107 17 90 22 106 16 68 19 97 72 105 103 89 104 76 96] [-2.3237900077244573 1 1.4142135623730945 -2.4494897427831863] face
[128 121 118 105 103 126 117 92 89 115 113 91 127 120 104 125 119 69 76 114 78 116 124 96 99 123 73 112 122 79 111 109 98 110 77 108] [-1 0 0 0] face
[135 133 132 101 100 134 131 81 74 130 129 80 111 109 98 110 77 108] [-1 -1.2909944487358052 0 0] face
[142 140 139 94 93 141 138 83 70 137 136 82 115 113 91 114 78 112] [-2.3237900077244613 1 -2.828427124746201 0] face
[154 151 150 148 147 153 149 152 146 145 144 143 121 118 117 120 119 116] [-2.323790007724441 1 1.4142135623730832 2.44948974278318] face
[159 156 157 85 86 158 155 84 137 136 82 130 129 80 112 122 79 108] [-1 -1.2909944487358056 -1.8257418583505531 0] face
[167 164 165 161 162 166 163 160 145 144 143 133 132 131 116 124 123 109] [-1.095445115010357 -1.4142135623731142 1 1.7320508075688923] face
[172 175 173 174 171 169 170 168 148 147 140 139 146 138 126 117 113 125] [-1.0954451150103233 1.4142135623731011 -1 1.7320508075688754] face
[179 180 178 26 25 177 176 24 151 150 21 107 149 106 128 118 103 127] [-1 1.2909944487358382 1.8257418583505702 0] face
[189 190 192 188 191 186 187 184 185 183 182 181 169 170 168 161 162 156 157 160 155 152 146 141 138 143 136 134 131 129 125 119 114 123 122 110] [-1 -1.2909944487358136 -1.8257418583505702 3.162277660168418] face
[198 197 199 27 28 195 196 64 11 194 193 63 177 176 24 164 165 61 20 163 102 153 149 22 106 144 97 135 132 100 127 120 104 124 99 111] [-1 -1.2909944487357845 3.651483716700995 0] face
[206 205 204 30 29 203 202 44 3 201 200 43 179 178 25 172 173 41 18 171 95 154 150 23 107 147 90 142 139 93 128 121 105 126 92 115] [-1 3.8729833462074494 0 0] face
[213 211 210 66 65 212 209 55 49 208 207 54 194 193 63 183 182 51 60 181 87 166 163 62 102 160 75 158 155 84 135 133 101 134 81 130] [1 -3.87298334620743 0 0] face
[216 215 214 57 56 208 207 54 184 185 52 88 181 87 159 156 85 158] [1 -1.2909944487358096 -1.8257418583505585 0] face
[221 220 219 218 217 211 210 209 195 196 186 187 193 182 167 164 161 166] [1.0954451150103672 -1.4142135623731147 1 1.7320508075688874] face
[225 226 224 223 222 218 217 215 214 212 209 207 189 190 188 186 184 183] [2.3237900077244578 -1 -1.4142135623730994 2.449489742783184] face
[229 228 227 32 31 220 219 67 12 213 210 65 198 197 27 195 64 194] [2.3237900077244817 -1 2.82842712474615 0] face
[232 231 230 46 45 223 222 58 37 216 214 56 201 200 43 188 191 53 40 185 88 174 171 42 95 168 71 159 157 86 142 140 94 141 83 137] [1 1.2909944487358067 -3.65148371670113 0] face
[235 234 233 231 230 225 224 222 203 202 200 189 192 191 172 175 174 169] [1.09544511501034 1.4142135623731005 -1 1.7320508075688703] face
[238 237 236 234 233 228 227 226 224 221 219 217 205 204 202 197 199 190 192 196 187 180 178 175 173 176 170 167 165 162 154 151 148 153 152 145] [1 1.290994448735789 1.8257418583505167 3.1622776601683427] face
[239 237 236 34 33 229 227 31 206 204 29 198 199 28 179 180 26 177] [1 1.2909944487358167 1.8257418583505407 0] face
[239 238 236 35 33 235 233 47 4 232 230 45 206 205 30 203 44 201] [1 1.2909944487358096 0 0] face
[239 238 237 35 34 235 234 47 5 232 231 46 229 228 32 225 226 38 8 223 58 221 220 13 67 218 50 216 215 57 213 211 66 212 55 208] [1 0 0 0] face
]
shape [0.5 0.5 0.5 0.5] translate [0.5 0.5 0.5 0.5] aligncenter "omnitruncated-5cell" def

