[
[0.632455532033676 0.8164965809277261 1.1547005383792515 0]
[0.632455532033676 0.8164965809277261 -0.5773502691896257 1]
[0.632455532033676 0.8164965809277261 -0.5773502691896257 -1]
[0.632455532033676 -0.8164965809277261 0.5773502691896257 1]
[0.632455532033676 -0.8164965809277261 0.5773502691896257 -1]
[0.632455532033676 -0.8164965809277261 -1.1547005383792515 0]
[-0.9486832980505137 0.4082482904638631 0.5773502691896257 1]
[-0.9486832980505137 0.4082482904638631 0.5773502691896257 -1]
[-0.9486832980505137 0.4082482904638631 -1.1547005383792515 0]
[-0.9486832980505137 -1.2247448713915892 0 0]
][
5 8 edge
1 8 edge
1 5 edge
5 9 edge
3 9 edge
3 5 edge
8 9 edge
6 9 edge
6 8 edge
3 6 edge
1 6 edge
1 3 edge
2 8 edge
2 5 edge
1 2 edge
4 9 edge
4 5 edge
3 4 edge
7 9 edge
7 8 edge
6 7 edge
4 7 edge
2 7 edge
2 4 edge
0 7 edge
0 4 edge
0 2 edge
0 6 edge
0 3 edge
0 1 edge
][
[11 2 10 1 5 9 4 0 3 8 7 6] [-1 -1.2909944487358056 -1.8257418583505531 3.162277660168381] face
[14 2 1 13 12 0] [1 1.2909944487358054 -3.6514837167011045 0] face
[17 5 4 16 15 3] [1 -3.872983346207412 0 0] face
[20 8 7 19 18 6] [-1.0540925533894598 0 0 0] face
[23 13 22 12 16 21 15 0 3 19 18 6] [-1 -1.2909944487358056 -1.8257418583505531 -3.1622776601683786] face
[26 25 24 23 22 21] [1 1.2909944487358054 1.8257418583505531 -3.162277660168377] face
[29 28 27 11 10 9] [1 1.2909944487358054 1.8257418583505531 3.1622776601683795] face
[28 25 27 24 17 9 4 21 15 20 7 18] [-1 -1.2909944487358056 3.651483716701107 0] face
[29 26 27 24 14 10 1 22 12 20 8 19] [-1 3.8729833462074175 0 0] face
[29 26 28 25 14 11 2 23 13 17 5 16] [1.5811388300841904 0 0 0] face
]
shape [0.5 0.5 0.5 0.5] translate [0.5 0.5 0.5 0.5] aligncenter "rectified-5cell" def

