[
[2.213594362117865 1.224744871391589 1.7320508075688774 1]
[2.213594362117865 1.224744871391589 1.7320508075688774 -1]
[2.213594362117865 1.224744871391589 0 2]
[2.213594362117865 1.2247448713915892 0 -2]
[2.213594362117865 1.224744871391589 -1.7320508075688774 1]
[2.213594362117865 1.2247448713915892 -1.7320508075688774 -1]
[2.213594362117865 -0.40824829046386296 1.1547005383792515 2]
[2.213594362117865 -0.4082482904638631 1.1547005383792515 -2]
[2.213594362117865 -0.40824829046386313 -2.3094010767585034 0]
[2.213594362117865 -2.0412414523193148 0.5773502691896257 1]
[2.213594362117865 -2.0412414523193148 0.5773502691896257 -1]
[2.213594362117865 -2.0412414523193148 -1.154700538379252 0]
[0.6324555320336762 2.4494897427831783 1.7320508075688774 1]
[0.6324555320336762 2.4494897427831783 1.7320508075688774 -1]
[0.6324555320336762 2.4494897427831783 0 2]
[0.6324555320336762 2.4494897427831783 0 -2]
[0.6324555320336762 2.4494897427831783 -1.7320508075688774 1]
[0.6324555320336762 2.4494897427831783 -1.7320508075688774 -1]
[0.6324555320336762 0.8164965809277261 2.8867513459481287 1]
[0.6324555320336762 0.8164965809277261 2.8867513459481287 -1]
[0.6324555320336762 0.8164965809277261 -0.5773502691896257 3]
[0.6324555320336762 0.8164965809277261 -0.5773502691896257 -3]
[0.6324555320336762 0.8164965809277261 -2.3094010767585034 2]
[0.6324555320336762 0.8164965809277261 -2.3094010767585034 -2]
[0.6324555320336762 -0.8164965809277261 2.3094010767585034 2]
[0.6324555320336762 -0.8164965809277261 2.3094010767585034 -2]
[0.6324555320336762 -0.8164965809277261 0.5773502691896257 3]
[0.6324555320336762 -0.8164965809277261 0.5773502691896257 -3]
[0.6324555320336762 -0.8164965809277261 -2.8867513459481287 1]
[0.6324555320336762 -0.8164965809277261 -2.8867513459481287 -1]
[0.6324555320336762 -2.449489742783178 1.7320508075688774 1]
[0.6324555320336762 -2.449489742783178 1.7320508075688774 -1]
[0.6324555320336762 -2.449489742783178 0 2]
[0.6324555320336762 -2.449489742783178 0 -2]
[0.6324555320336762 -2.449489742783178 -1.7320508075688774 1]
[0.6324555320336762 -2.449489742783178 -1.7320508075688774 -1]
[-0.9486832980505137 2.041241452319315 1.1547005383792515 2]
[-0.9486832980505137 2.041241452319315 1.1547005383792515 -2]
[-0.9486832980505137 2.041241452319315 -2.3094010767585034 0]
[-0.9486832980505137 0.40824829046386296 2.3094010767585034 2]
[-0.9486832980505137 0.40824829046386296 2.3094010767585034 -2]
[-0.9486832980505137 0.40824829046386296 0.5773502691896257 3]
[-0.9486832980505137 0.40824829046386296 0.5773502691896257 -3]
[-0.9486832980505137 0.40824829046386296 -2.8867513459481287 1]
[-0.9486832980505137 0.40824829046386296 -2.8867513459481287 -1]
[-0.9486832980505137 -2.85773803324704 1.1547005383792515 0]
[-0.9486832980505137 -2.85773803324704 -0.5773502691896257 1]
[-0.9486832980505137 -2.85773803324704 -0.5773502691896257 -1]
[-2.5298221281347035 1.632993161855452 0.5773502691896257 1]
[-2.5298221281347035 1.632993161855452 0.5773502691896257 -1]
[-2.5298221281347035 1.632993161855452 -1.154700538379252 0]
[-2.5298221281347035 0 1.7320508075688774 1]
[-2.5298221281347035 0 1.7320508075688774 -1]
[-2.5298221281347035 0 0 2]
[-2.5298221281347035 0 0 -2]
[-2.5298221281347035 0 -1.7320508075688774 1]
[-2.5298221281347035 0 -1.7320508075688774 -1]
[-2.5298221281347035 -1.632993161855452 1.1547005383792515 0]
[-2.5298221281347035 -1.632993161855452 -0.5773502691896257 1]
[-2.5298221281347035 -1.632993161855452 -0.5773502691896257 -1]
][
3 21 edge
15 21 edge
3 15 edge
7 27 edge
21 27 edge
3 7 edge
25 27 edge
7 25 edge
21 42 edge
37 42 edge
15 37 edge
27 42 edge
40 42 edge
25 40 edge
37 40 edge
19 40 edge
19 25 edge
13 37 edge
13 19 edge
13 15 edge
1 19 edge
1 13 edge
1 7 edge
1 3 edge
21 23 edge
5 23 edge
3 5 edge
15 17 edge
17 23 edge
5 17 edge
10 33 edge
27 33 edge
7 10 edge
33 35 edge
11 35 edge
10 11 edge
29 35 edge
23 29 edge
8 29 edge
8 11 edge
5 8 edge
31 33 edge
10 31 edge
25 31 edge
33 47 edge
35 47 edge
45 47 edge
31 45 edge
46 47 edge
45 46 edge
34 46 edge
34 35 edge
32 46 edge
30 45 edge
30 32 edge
32 34 edge
30 31 edge
11 34 edge
9 32 edge
9 30 edge
9 11 edge
9 10 edge
42 54 edge
54 56 edge
44 56 edge
23 44 edge
49 54 edge
37 49 edge
50 56 edge
49 50 edge
38 50 edge
38 44 edge
17 38 edge
47 59 edge
54 59 edge
56 59 edge
29 44 edge
52 54 edge
40 52 edge
57 59 edge
45 57 edge
52 57 edge
49 52 edge
58 59 edge
57 58 edge
46 58 edge
55 56 edge
50 55 edge
51 53 edge
48 53 edge
48 51 edge
55 58 edge
53 58 edge
51 57 edge
53 55 edge
51 52 edge
48 50 edge
48 49 edge
43 55 edge
43 44 edge
38 43 edge
41 53 edge
39 51 edge
39 41 edge
36 48 edge
36 41 edge
36 39 edge
28 34 edge
28 43 edge
28 29 edge
26 32 edge
26 41 edge
24 30 edge
24 39 edge
24 26 edge
22 43 edge
20 22 edge
20 41 edge
22 28 edge
20 26 edge
18 39 edge
18 19 edge
18 24 edge
16 38 edge
14 16 edge
14 36 edge
16 22 edge
14 20 edge
12 36 edge
12 13 edge
12 18 edge
16 17 edge
12 14 edge
8 28 edge
6 26 edge
6 9 edge
6 24 edge
4 22 edge
4 8 edge
4 16 edge
4 5 edge
2 20 edge
2 4 edge
2 6 edge
2 14 edge
0 18 edge
0 12 edge
0 6 edge
0 2 edge
0 1 edge
][
[23 22 21 20 5 2 0 7 3 19 18 17 1 10 16 15 4 8 6 13 11 14 9 12] [1 1.2909944487358085 1.825741858350563 -3.1622776601683853] face
[26 2 0 29 25 27 1 28 24] [1.095445115010333 1.4142135623730994 -1 -1.7320508075688794] face
[26 5 0 40 25 32 3 39 38 35 30 34 24 4 37 31 36 33] [2.323790007724453 -1 -1.4142135623730958 -2.449489742783181] face
[32 7 3 42 30 6 43 31 41] [1.095445115010329 -1.4142135623730923 1 -1.7320508075688752] face
[61 60 59 58 35 42 30 57 34 56 54 53 41 47 55 52 33 44 51 50 45 49 46 48] [1 -3.8729833462074175 0 0] face
[27 1 10 28 72 24 8 65 9 67 71 70 62 64 69 66 68 63] [-1.0954451150103335 1.4142135623730963 -1 -1.732050807568878] face
[24 4 8 37 65 31 11 36 76 33 44 45 62 64 73 63 74 75] [-1 -1.2909944487358058 -1.8257418583505531 -3.162277660168378] face
[6 43 13 31 11 41 47 44 12 78 62 46 80 73 77 81 74 79] [-1.0954451150103321 -1.4142135623730958 1 -1.7320508075688772] face
[14 9 67 12 78 62 82 66 77] [-2.323790007724454 1 1.4142135623730994 -2.44948974278318] face
[49 46 80 48 85 73 84 79 83] [-1 -1.2909944487358063 0 0] face
[97 96 90 89 69 82 66 87 68 95 88 93 77 81 94 92 63 74 86 91 75 84 79 83] [-1 0 0 0] face
[100 71 70 99 98 64 87 68 86] [-2.323790007724449 1 -2.8284271247461894 0] face
[106 105 104 103 102 101 90 89 88] [-2.3237900077244578 1 1.4142135623730985 2.4494897427831814] face
[109 107 108 36 76 51 50 45 99 98 64 48 85 73 86 91 75 83] [-1 -1.2909944487358058 -1.8257418583505531 0] face
[114 112 113 110 111 54 53 52 103 102 101 49 80 85 88 93 92 84] [-1.0954451150103315 -1.4142135623730947 1 1.7320508075688772] face
[116 119 117 118 115 110 111 107 108 55 52 50 101 98 85 94 92 91] [-1 -1.2909944487358065 -1.825741858350556 3.1622776601683835] face
[121 122 120 16 15 112 113 43 13 56 53 47 102 78 80 95 93 81] [-1 -1.2909944487358034 3.651483716701101 0] face
[124 127 125 126 123 116 117 115 105 104 100 70 101 98 96 89 87 94] [-1.095445115010336 1.4142135623730963 -1 1.7320508075688807] face
[129 130 128 18 17 121 120 15 106 104 14 67 102 78 97 90 82 95] [-1 1.290994448735797 1.8257418583505456 0] face
[129 132 128 19 17 124 125 27 10 131 123 72 104 67 70 97 96 69] [-1 3.8729833462074112 0 0] face
[39 133 38 57 34 109 107 36 51] [1 -1.2909944487358056 -1.8257418583505536 0] face
[135 136 134 59 58 114 112 110 54] [1.095445115010328 -1.4142135623730914 1 1.7320508075688752] face
[140 138 139 137 40 29 25 133 38 131 126 123 28 72 118 115 37 65 109 108 76 100 71 99] [1 1.2909944487358085 -3.6514837167011107 0] face
[142 143 141 138 137 135 134 39 133 60 58 57 116 119 118 110 107 55] [2.3237900077244547 -1 -1.4142135623730974 2.4494897427831854] face
[142 144 141 139 137 124 127 126 116] [1.095445115010333 1.4142135623730996 -1 1.7320508075688834] face
[148 147 146 145 143 144 141 136 134 132 130 128 127 125 122 120 119 117 114 113 111 106 105 103] [1 1.2909944487358094 1.8257418583505627 3.1622776601683906] face
[149 146 145 21 20 129 130 18 121] [1 1.2909944487358032 1.8257418583505542 0] face
[149 147 145 22 20 135 136 32 7 61 59 42 121 122 16 112 43 56] [2.323790007724454 -1 2.828427124746197 0] face
[149 148 146 23 21 142 144 26 2 140 139 29 129 132 19 124 27 131] [1 1.2909944487358087 0 0] face
[149 148 147 23 22 142 143 26 5 140 138 40 135 32 39 61 60 35] [1 0 0 0] face
]
shape [0.5 0.5 0.5 0.5] translate [0.5 0.5 0.5 0.5] aligncenter "runcitruncated-5cell" def

