[
[1 1 1 2.414213562373095]
[1 1 1 -2.414213562373095]
[1 1 -1 2.414213562373095]
[1 1 -1 -2.414213562373095]
[1 -1 1 2.414213562373095]
[1 -1 1 -2.414213562373095]
[1 -1 -1 2.414213562373095]
[1 -1 -1 -2.414213562373095]
[-1 1 1 2.414213562373095]
[-1 1 1 -2.414213562373095]
[-1 1 -1 2.414213562373095]
[-1 1 -1 -2.414213562373095]
[-1 -1 1 2.414213562373095]
[-1 -1 1 -2.414213562373095]
[-1 -1 -1 2.414213562373095]
[-1 -1 -1 -2.414213562373095]
[1 1 2.414213562373095 1]
[1 1 2.414213562373095 -1]
[1 1 -2.414213562373095 1]
[1 1 -2.414213562373095 -1]
[1 -1 2.414213562373095 1]
[1 -1 2.414213562373095 -1]
[1 -1 -2.414213562373095 1]
[1 -1 -2.414213562373095 -1]
[-1 1 2.414213562373095 1]
[-1 1 2.414213562373095 -1]
[-1 1 -2.414213562373095 1]
[-1 1 -2.414213562373095 -1]
[-1 -1 2.414213562373095 1]
[-1 -1 2.414213562373095 -1]
[-1 -1 -2.414213562373095 1]
[-1 -1 -2.414213562373095 -1]
[1 2.414213562373095 1 1]
[1 2.414213562373095 1 -1]
[1 2.414213562373095 -1 1]
[1 2.414213562373095 -1 -1]
[1 -2.414213562373095 1 1]
[1 -2.414213562373095 1 -1]
[1 -2.414213562373095 -1 1]
[1 -2.414213562373095 -1 -1]
[-1 2.414213562373095 1 1]
[-1 2.414213562373095 1 -1]
[-1 2.414213562373095 -1 1]
[-1 2.414213562373095 -1 -1]
[-1 -2.414213562373095 1 1]
[-1 -2.414213562373095 1 -1]
[-1 -2.414213562373095 -1 1]
[-1 -2.414213562373095 -1 -1]
[2.414213562373095 1 1 1]
[2.414213562373095 1 1 -1]
[2.414213562373095 1 -1 1]
[2.414213562373095 1 -1 -1]
[2.414213562373095 -1 1 1]
[2.414213562373095 -1 1 -1]
[2.414213562373095 -1 -1 1]
[2.414213562373095 -1 -1 -1]
[-2.414213562373095 1 1 1]
[-2.414213562373095 1 1 -1]
[-2.414213562373095 1 -1 1]
[-2.414213562373095 1 -1 -1]
[-2.414213562373095 -1 1 1]
[-2.414213562373095 -1 1 -1]
[-2.414213562373095 -1 -1 1]
[-2.414213562373095 -1 -1 -1]
][
1 49 edge
5 53 edge
1 5 edge
49 53 edge
1 17 edge
17 49 edge
5 21 edge
21 53 edge
17 21 edge
3 51 edge
1 3 edge
49 51 edge
1 33 edge
33 49 edge
3 35 edge
35 51 edge
33 35 edge
7 55 edge
3 7 edge
51 55 edge
5 7 edge
53 55 edge
17 33 edge
3 19 edge
19 51 edge
7 23 edge
23 55 edge
19 23 edge
19 35 edge
5 37 edge
37 53 edge
7 39 edge
39 55 edge
37 39 edge
21 37 edge
23 39 edge
1 9 edge
9 41 edge
33 41 edge
9 25 edge
17 25 edge
25 41 edge
3 11 edge
11 43 edge
35 43 edge
9 11 edge
41 43 edge
11 27 edge
19 27 edge
27 43 edge
5 13 edge
9 13 edge
13 29 edge
21 29 edge
25 29 edge
7 15 edge
11 15 edge
13 15 edge
15 31 edge
23 31 edge
27 31 edge
13 45 edge
37 45 edge
29 45 edge
15 47 edge
39 47 edge
45 47 edge
31 47 edge
9 57 edge
41 57 edge
11 59 edge
43 59 edge
57 59 edge
25 57 edge
27 59 edge
13 61 edge
57 61 edge
29 61 edge
15 63 edge
59 63 edge
61 63 edge
31 63 edge
45 61 edge
47 63 edge
62 63 edge
60 62 edge
60 61 edge
58 62 edge
58 59 edge
56 60 edge
56 58 edge
56 57 edge
46 62 edge
46 47 edge
44 60 edge
44 46 edge
44 45 edge
30 62 edge
30 46 edge
30 31 edge
14 62 edge
14 46 edge
14 30 edge
12 60 edge
12 44 edge
12 14 edge
28 60 edge
28 44 edge
12 28 edge
28 29 edge
26 58 edge
26 30 edge
26 27 edge
10 58 edge
10 14 edge
10 26 edge
8 56 edge
8 12 edge
8 10 edge
24 56 edge
24 28 edge
8 24 edge
24 25 edge
42 58 edge
26 42 edge
10 42 edge
42 43 edge
40 56 edge
8 40 edge
24 40 edge
40 42 edge
40 41 edge
38 46 edge
38 39 edge
36 44 edge
36 38 edge
36 37 edge
22 30 edge
22 38 edge
22 23 edge
6 14 edge
6 38 edge
6 22 edge
4 12 edge
4 36 edge
4 6 edge
20 28 edge
20 36 edge
4 20 edge
20 21 edge
18 26 edge
18 22 edge
18 19 edge
2 10 edge
2 6 edge
2 18 edge
0 8 edge
0 4 edge
0 2 edge
16 24 edge
16 20 edge
0 16 edge
16 17 edge
34 42 edge
18 34 edge
2 34 edge
34 35 edge
32 40 edge
0 32 edge
32 34 edge
16 32 edge
32 33 edge
38 54 edge
22 54 edge
6 54 edge
54 55 edge
36 52 edge
4 52 edge
20 52 edge
52 54 edge
52 53 edge
18 50 edge
2 50 edge
34 50 edge
50 54 edge
50 51 edge
0 48 edge
32 48 edge
16 48 edge
48 50 edge
48 52 edge
48 49 edge
][
[2 4 0 6 1 8 5 7 3] [1 0 1 -1] face
[10 12 0 14 9 16 13 15 11] [1 1 0 -1] face
[10 2 0 18 9 20 1 17 11 3 19 21] [1 0 0 -1] face
[4 12 0 22 5 13] [1 1 1 -1] face
[18 23 9 25 17 27 24 26 19] [1 0 -1 -1] face
[23 14 9 28 24 15] [1 1 -1 -1] face
[20 29 1 31 17 33 30 32 21] [1 -1 0 -1] face
[6 29 1 34 7 30] [1 -1 1 -1] face
[25 31 17 35 26 32] [1 -1 -1 -1] face
[36 4 12 39 37 40 22 41 38] [0 1 1 -1] face
[10 36 12 42 14 45 37 43 16 38 44 46] [0 1 0 -1] face
[42 23 14 47 43 48 28 49 44] [0 1 -1 -1] face
[2 36 4 50 6 51 39 52 8 40 53 54] [0 0 1 -1] face
[10 2 36 18 42 20 50 55 45 51 56 57] [0 0 0 -1] face
[18 42 23 55 25 56 47 58 27 48 59 60] [0 0 -1 -1] face
[50 6 29 52 61 53 34 63 62] [0 -1 1 -1] face
[20 50 29 55 31 57 61 64 33 62 65 66] [0 -1 0 -1] face
[55 25 31 58 64 59 35 67 65] [0 -1 -1 -1] face
[45 37 68 43 70 46 69 71 72] [-1 1 0 -1] face
[39 37 68 41 73 69] [-1 1 1 -1] face
[47 43 70 49 74 71] [-1 1 -1 -1] face
[51 39 68 52 75 54 73 77 76] [-1 0 1 -1] face
[45 51 68 56 70 57 75 78 72 76 79 80] [-1 0 0 -1] face
[56 47 70 58 78 60 74 81 79] [-1 0 -1 -1] face
[52 61 75 63 77 82] [-1 -1 1 -1] face
[57 61 75 64 78 66 82 83 80] [-1 -1 0 -1] face
[58 64 78 67 81 83] [-1 -1 -1 -1] face
[91 90 89 72 76 88 87 79 86 85 80 84] [-1 0 0 0] face
[96 95 94 66 82 93 92 83 86 85 80 84] [-1 -1 0 0] face
[99 98 97 67 81 93 92 83 84] [-1 -1 -1 0] face
[102 101 100 98 97 92] [-1 -1 -1 1] face
[105 104 103 101 100 95 94 92 85] [-1 -1 0 1] face
[108 104 103 107 106 94] [-1 -1 1 1] face
[109 107 106 63 77 96 94 82 86] [-1 -1 1 0] face
[112 111 110 60 74 99 97 81 88 87 79 84] [-1 0 -1 0] face
[114 115 113 102 100 111 110 97 87] [-1 0 -1 1] face
[118 117 116 114 113 105 103 100 90 89 87 85] [-1 0 0 1] face
[117 121 116 108 103 120 119 106 89] [-1 0 1 1] face
[122 120 119 54 73 109 106 77 91 89 76 86] [-1 0 1 0] face
[115 125 113 124 110 123] [-1 1 -1 1] face
[112 124 110 49 74 126 123 71 88] [-1 1 -1 0] face
[121 128 116 129 119 127] [-1 1 1 1] face
[118 128 116 125 113 130 127 123 90] [-1 1 0 1] face
[122 129 119 41 73 131 127 69 91] [-1 1 1 0] face
[131 130 127 46 69 126 123 71 91 90 72 88] [-1 1 0 0] face
[136 135 134 33 62 133 132 65 96 95 66 93] [0 -1 0 0] face
[139 137 138 59 35 99 98 67 133 132 65 93] [0 -1 -1 0] face
[140 142 141 102 101 137 138 98 132] [0 -1 -1 1] face
[145 143 144 140 141 105 104 101 135 134 132 95] [0 -1 0 1] face
[143 148 144 108 104 146 147 107 134] [0 -1 1 1] face
[149 146 147 53 34 109 107 63 136 134 62 96] [0 -1 1 0] face
[152 151 150 27 48 139 137 59 112 111 60 99] [0 0 -1 0] face
[154 153 155 140 142 114 115 102 151 150 137 111] [0 0 -1 1] face
[158 157 156 154 153 145 143 140 118 117 114 105] [0 0 0 1] face
[157 156 161 143 148 117 121 108 160 159 146 120] [0 0 1 1] face
[162 160 159 8 40 149 146 53 122 120 54 109] [0 0 1 0] face
[153 155 165 115 125 150 164 124 163] [0 1 -1 1] face
[152 150 164 48 28 112 124 49 166 163 44 126] [0 1 -1 0] face
[158 156 168 153 165 118 128 125 169 167 163 130] [0 1 0 1] face
[156 161 168 121 128 159 170 129 167] [0 1 1 1] face
[162 159 170 40 22 122 129 41 171 167 38 131] [0 1 1 0] face
[171 169 167 16 38 166 163 44 131 130 46 126] [0 1 0 0] face
[142 141 174 138 173 172] [1 -1 -1 1] face
[139 138 173 35 26 133 172 32 175] [1 -1 -1 0] face
[148 144 177 147 178 176] [1 -1 1 1] face
[145 144 177 141 174 135 176 172 179] [1 -1 0 1] face
[149 147 178 34 7 136 176 30 180] [1 -1 1 0] face
[136 135 176 33 30 133 172 32 180 179 21 175] [1 -1 0 0] face
[155 165 182 164 181 183] [1 1 -1 1] face
[154 155 182 142 174 151 181 173 184] [1 0 -1 1] face
[152 164 181 28 24 166 183 15 185] [1 1 -1 0] face
[152 151 181 27 24 139 173 26 185 184 19 175] [1 0 -1 0] face
[161 168 186 170 188 187] [1 1 1 1] face
[158 157 186 154 182 145 177 174 189 190 184 179] [1 0 0 1] face
[158 168 186 165 182 169 187 183 189] [1 1 0 1] face
[157 161 186 148 177 160 188 178 190] [1 0 1 1] face
[162 170 188 22 5 171 187 13 191] [1 1 1 0] face
[162 160 188 8 5 149 178 7 191 190 3 180] [1 0 1 0] face
[171 169 187 16 13 166 183 15 191 189 11 185] [1 1 0 0] face
[191 189 190 11 3 185 184 19 180 179 21 175] [1 0 0 0] face
]
shape [0.5 0.5 0.5 0.5] translate [0.5 0.5 0.5 0.5] aligncenter "runcinated-tesseract" def

