[
[1 2.414213562373095 2.414213562373095 2.414213562373095]
[1 2.414213562373095 2.414213562373095 -2.414213562373095]
[1 2.414213562373095 -2.414213562373095 2.414213562373095]
[1 2.414213562373095 -2.414213562373095 -2.414213562373095]
[1 -2.414213562373095 2.414213562373095 2.414213562373095]
[1 -2.414213562373095 2.414213562373095 -2.414213562373095]
[1 -2.414213562373095 -2.414213562373095 2.414213562373095]
[1 -2.414213562373095 -2.414213562373095 -2.414213562373095]
[-1 2.414213562373095 2.414213562373095 2.414213562373095]
[-1 2.414213562373095 2.414213562373095 -2.414213562373095]
[-1 2.414213562373095 -2.414213562373095 2.414213562373095]
[-1 2.414213562373095 -2.414213562373095 -2.414213562373095]
[-1 -2.414213562373095 2.414213562373095 2.414213562373095]
[-1 -2.414213562373095 2.414213562373095 -2.414213562373095]
[-1 -2.414213562373095 -2.414213562373095 2.414213562373095]
[-1 -2.414213562373095 -2.414213562373095 -2.414213562373095]
[2.414213562373095 1 2.414213562373095 2.414213562373095]
[2.414213562373095 1 2.414213562373095 -2.414213562373095]
[2.414213562373095 1 -2.414213562373095 2.414213562373095]
[2.414213562373095 1 -2.414213562373095 -2.414213562373095]
[2.414213562373095 -1 2.414213562373095 2.414213562373095]
[2.414213562373095 -1 2.414213562373095 -2.414213562373095]
[2.414213562373095 -1 -2.414213562373095 2.414213562373095]
[2.414213562373095 -1 -2.414213562373095 -2.414213562373095]
[-2.414213562373095 1 2.414213562373095 2.414213562373095]
[-2.414213562373095 1 2.414213562373095 -2.414213562373095]
[-2.414213562373095 1 -2.414213562373095 2.414213562373095]
[-2.414213562373095 1 -2.414213562373095 -2.414213562373095]
[-2.414213562373095 -1 2.414213562373095 2.414213562373095]
[-2.414213562373095 -1 2.414213562373095 -2.414213562373095]
[-2.414213562373095 -1 -2.414213562373095 2.414213562373095]
[-2.414213562373095 -1 -2.414213562373095 -2.414213562373095]
[2.414213562373095 2.414213562373095 1 2.414213562373095]
[2.414213562373095 2.414213562373095 1 -2.414213562373095]
[2.414213562373095 2.414213562373095 -1 2.414213562373095]
[2.414213562373095 2.414213562373095 -1 -2.414213562373095]
[2.414213562373095 -2.414213562373095 1 2.414213562373095]
[2.414213562373095 -2.414213562373095 1 -2.414213562373095]
[2.414213562373095 -2.414213562373095 -1 2.414213562373095]
[2.414213562373095 -2.414213562373095 -1 -2.414213562373095]
[-2.414213562373095 2.414213562373095 1 2.414213562373095]
[-2.414213562373095 2.414213562373095 1 -2.414213562373095]
[-2.414213562373095 2.414213562373095 -1 2.414213562373095]
[-2.414213562373095 2.414213562373095 -1 -2.414213562373095]
[-2.414213562373095 -2.414213562373095 1 2.414213562373095]
[-2.414213562373095 -2.414213562373095 1 -2.414213562373095]
[-2.414213562373095 -2.414213562373095 -1 2.414213562373095]
[-2.414213562373095 -2.414213562373095 -1 -2.414213562373095]
[2.414213562373095 2.414213562373095 2.414213562373095 1]
[2.414213562373095 2.414213562373095 2.414213562373095 -1]
[2.414213562373095 2.414213562373095 -2.414213562373095 1]
[2.414213562373095 2.414213562373095 -2.414213562373095 -1]
[2.414213562373095 -2.414213562373095 2.414213562373095 1]
[2.414213562373095 -2.414213562373095 2.414213562373095 -1]
[2.414213562373095 -2.414213562373095 -2.414213562373095 1]
[2.414213562373095 -2.414213562373095 -2.414213562373095 -1]
[-2.414213562373095 2.414213562373095 2.414213562373095 1]
[-2.414213562373095 2.414213562373095 2.414213562373095 -1]
[-2.414213562373095 2.414213562373095 -2.414213562373095 1]
[-2.414213562373095 2.414213562373095 -2.414213562373095 -1]
[-2.414213562373095 -2.414213562373095 2.414213562373095 1]
[-2.414213562373095 -2.414213562373095 2.414213562373095 -1]
[-2.414213562373095 -2.414213562373095 -2.414213562373095 1]
[-2.414213562373095 -2.414213562373095 -2.414213562373095 -1]
][
1 17 edge
1 33 edge
17 33 edge
1 49 edge
17 49 edge
33 49 edge
3 19 edge
3 35 edge
19 35 edge
5 37 edge
5 21 edge
21 37 edge
7 39 edge
7 23 edge
23 39 edge
25 41 edge
9 25 edge
9 41 edge
27 43 edge
11 27 edge
11 43 edge
29 45 edge
13 45 edge
13 29 edge
31 47 edge
45 47 edge
27 31 edge
25 29 edge
41 43 edge
15 47 edge
15 31 edge
7 15 edge
5 13 edge
37 39 edge
3 11 edge
19 23 edge
1 9 edge
17 21 edge
33 35 edge
3 51 edge
19 51 edge
35 51 edge
5 53 edge
37 53 edge
21 53 edge
7 55 edge
39 55 edge
23 55 edge
25 57 edge
41 57 edge
9 57 edge
27 59 edge
43 59 edge
11 59 edge
45 61 edge
29 61 edge
13 61 edge
47 63 edge
31 63 edge
46 62 edge
30 62 edge
30 46 edge
44 60 edge
28 44 edge
28 60 edge
26 58 edge
26 42 edge
42 58 edge
24 40 edge
24 56 edge
40 56 edge
62 63 edge
44 46 edge
60 61 edge
26 30 edge
58 59 edge
24 28 edge
40 42 edge
56 57 edge
15 63 edge
14 62 edge
14 46 edge
14 30 edge
12 44 edge
12 60 edge
12 28 edge
10 26 edge
10 58 edge
10 42 edge
8 24 edge
8 40 edge
8 56 edge
6 54 edge
6 38 edge
38 54 edge
4 36 edge
4 52 edge
36 52 edge
6 14 edge
54 55 edge
4 12 edge
36 38 edge
52 53 edge
6 22 edge
22 54 edge
22 38 edge
4 20 edge
20 36 edge
20 52 edge
2 18 edge
2 50 edge
18 50 edge
2 10 edge
18 22 edge
50 51 edge
2 34 edge
18 34 edge
34 50 edge
0 16 edge
0 32 edge
16 32 edge
0 8 edge
16 20 edge
32 34 edge
0 48 edge
16 48 edge
32 48 edge
48 49 edge
][
[0 1 3 2 4 5] [1 1 1 -1] face
[36 0 1 34 6 7 32 10 9 31 13 12 16 17 19 20 23 22 30 29 37 2 35 8 11 14 27 15 26 18 21 24 38 33 28 25] [0 0 0 -1] face
[6 7 39 8 40 41] [1 1 -1 -1] face
[10 9 42 11 44 43] [1 -1 1 -1] face
[13 12 45 14 47 46] [1 -1 -1 -1] face
[16 17 50 15 48 49] [-1 1 1 -1] face
[19 20 53 18 51 52] [-1 1 -1 -1] face
[23 22 56 21 55 54] [-1 -1 1 -1] face
[76 68 69 27 15 48 74 66 65 26 18 51 63 64 21 55 61 60 24 58 77 70 28 49 67 52 72 62 25 54 59 57 78 75 73 71] [-1 0 0 0] face
[30 29 79 24 58 57] [-1 -1 -1 -1] face
[82 81 80 61 60 59] [-1 -1 -1 1] face
[85 83 84 63 64 62] [-1 -1 1 1] face
[86 88 87 66 65 67] [-1 1 -1 1] face
[89 90 91 68 69 70] [-1 1 1 1] face
[100 95 96 32 9 42 98 93 92 31 12 45 83 84 22 56 81 80 29 79 101 97 33 43 94 46 72 62 25 54 59 57 102 99 73 71] [0 -1 0 0] face
[103 93 92 105 104 94] [1 -1 -1 1] face
[106 95 96 107 108 97] [1 -1 1 1] face
[112 109 110 34 6 39 98 103 92 31 13 45 86 87 19 53 82 80 30 79 113 111 35 40 104 47 74 65 26 51 60 58 114 99 75 71] [0 0 -1 0] face
[109 115 110 116 111 117] [1 1 -1 1] face
[121 118 119 112 109 115 100 106 95 98 103 93 89 90 86 88 85 83 82 81 122 120 113 116 107 105 76 68 74 66 63 61 123 101 77 72] [0 0 0 1] face
[118 119 124 120 125 126] [1 1 1 1] face
[121 118 124 36 0 3 100 106 96 32 10 42 89 91 16 50 85 84 23 56 122 125 37 4 108 44 76 69 27 48 64 55 127 102 78 73] [0 0 1 0] face
[121 119 124 36 1 3 112 115 110 34 7 39 90 91 17 50 88 87 20 53 123 126 38 5 117 41 77 70 28 49 67 52 127 114 78 75] [0 1 0 0] face
[122 120 125 37 2 4 113 116 111 35 8 40 107 108 11 44 105 104 14 47 123 126 38 5 117 41 101 97 33 43 94 46 127 114 102 99] [1 0 0 0] face
]
shape [0.5 0.5 0.5 0.5] translate [0.5 0.5 0.5 0.5] aligncenter "truncated-tesseract" def

