[
[0 0 1.4142135623730954 2.8284271247461907]
[0 0 1.4142135623730954 -2.8284271247461907]
[0 0 -1.4142135623730954 2.8284271247461907]
[0 0 -1.4142135623730954 -2.8284271247461907]
[0 0 2.8284271247461907 1.4142135623730954]
[0 0 2.8284271247461907 -1.4142135623730954]
[0 0 -2.8284271247461907 1.4142135623730954]
[0 0 -2.8284271247461907 -1.4142135623730954]
[0 1.4142135623730954 0 2.8284271247461907]
[0 1.4142135623730954 0 -2.8284271247461907]
[0 -1.4142135623730954 0 2.8284271247461907]
[0 -1.4142135623730954 0 -2.8284271247461907]
[0 1.4142135623730954 2.8284271247461907 0]
[0 1.4142135623730954 -2.8284271247461907 0]
[0 -1.4142135623730954 2.8284271247461907 0]
[0 -1.4142135623730954 -2.8284271247461907 0]
[0 2.8284271247461907 0 1.4142135623730954]
[0 2.8284271247461907 0 -1.4142135623730954]
[0 -2.8284271247461907 0 1.4142135623730954]
[0 -2.8284271247461907 0 -1.4142135623730954]
[0 2.8284271247461907 1.4142135623730954 0]
[0 2.8284271247461907 -1.4142135623730954 0]
[0 -2.8284271247461907 1.4142135623730954 0]
[0 -2.8284271247461907 -1.4142135623730954 0]
[1.4142135623730954 0 0 2.8284271247461907]
[1.4142135623730954 0 0 -2.8284271247461907]
[-1.4142135623730954 0 0 2.8284271247461907]
[-1.4142135623730954 0 0 -2.8284271247461907]
[1.4142135623730954 0 2.8284271247461907 0]
[1.4142135623730954 0 -2.8284271247461907 0]
[-1.4142135623730954 0 2.8284271247461907 0]
[-1.4142135623730954 0 -2.8284271247461907 0]
[1.4142135623730954 2.8284271247461907 0 0]
[1.4142135623730954 -2.8284271247461907 0 0]
[-1.4142135623730954 2.8284271247461907 0 0]
[-1.4142135623730954 -2.8284271247461907 0 0]
[2.8284271247461907 0 0 1.4142135623730954]
[2.8284271247461907 0 0 -1.4142135623730954]
[-2.8284271247461907 0 0 1.4142135623730954]
[-2.8284271247461907 0 0 -1.4142135623730954]
[2.8284271247461907 0 1.4142135623730954 0]
[2.8284271247461907 0 -1.4142135623730954 0]
[-2.8284271247461907 0 1.4142135623730954 0]
[-2.8284271247461907 0 -1.4142135623730954 0]
[2.8284271247461907 1.4142135623730954 0 0]
[2.8284271247461907 -1.4142135623730954 0 0]
[-2.8284271247461907 1.4142135623730954 0 0]
[-2.8284271247461907 -1.4142135623730954 0 0]
][
33 45 edge
14 28 edge
22 33 edge
14 22 edge
28 40 edge
40 45 edge
4 14 edge
4 28 edge
18 22 edge
18 33 edge
10 18 edge
0 4 edge
0 10 edge
10 24 edge
0 24 edge
24 36 edge
36 45 edge
36 40 edge
11 25 edge
19 33 edge
11 19 edge
25 37 edge
37 45 edge
5 14 edge
5 28 edge
1 11 edge
1 25 edge
19 22 edge
1 5 edge
37 40 edge
3 11 edge
3 25 edge
19 23 edge
23 33 edge
15 23 edge
3 7 edge
7 15 edge
15 29 edge
7 29 edge
29 41 edge
41 45 edge
37 41 edge
14 30 edge
5 30 edge
4 30 edge
12 30 edge
5 12 edge
4 12 edge
12 28 edge
11 27 edge
1 27 edge
3 27 edge
9 27 edge
3 9 edge
1 9 edge
9 25 edge
19 35 edge
22 35 edge
23 35 edge
18 35 edge
18 23 edge
31 43 edge
38 43 edge
43 46 edge
38 46 edge
26 38 edge
6 31 edge
2 26 edge
2 6 edge
34 46 edge
13 31 edge
21 34 edge
13 21 edge
8 26 edge
16 34 edge
8 16 edge
6 13 edge
2 8 edge
16 21 edge
39 47 edge
35 47 edge
27 39 edge
42 47 edge
39 42 edge
30 42 edge
43 47 edge
39 43 edge
15 31 edge
7 31 edge
38 47 edge
38 42 edge
39 46 edge
42 46 edge
10 26 edge
6 15 edge
2 10 edge
0 26 edge
17 34 edge
9 17 edge
7 13 edge
17 21 edge
20 34 edge
12 20 edge
17 20 edge
0 8 edge
16 20 edge
6 29 edge
13 29 edge
2 24 edge
8 24 edge
21 32 edge
16 32 edge
17 32 edge
20 32 edge
36 41 edge
32 44 edge
41 44 edge
36 44 edge
37 44 edge
40 44 edge
][
[11 12 14 6 7 10 13 3 1 8 9 2 15 4 0 17 16 5] [1 -1 1 1] face
[28 25 26 23 24 20 18 3 1 27 19 2 21 4 0 29 22 5] [1 -1 1 -1] face
[35 30 31 36 38 20 18 34 37 32 19 33 21 39 0 41 22 40] [1 -1 -1 -1] face
[47 6 7 44 46 23 24 43 48 45 1 42] [0 0 1 0] face
[54 25 26 50 53 30 31 51 55 52 18 49] [0 0 0 -1] face
[8 60 9 59 27 32 19 56 2 57 33 58] [0 -1 0 0] face
[68 77 67 76 66 75 73 72 70 78 74 71 65 61 69 62 64 63] [-1 1 -1 1] face
[28 25 50 23 43 20 49 3 42 27 56 57 81 84 80 83 79 82] [-1 -1 1 -1] face
[35 30 51 36 88 20 49 34 87 32 56 58 81 61 80 86 79 85] [-1 -1 -1 -1] face
[90 62 64 89 83 86 91 79 92 82 63 85] [-1 0 0 0] face
[68 95 67 94 66 10 93 34 87 60 59 58 65 61 80 62 89 85] [-1 -1 -1 1] face
[11 12 96 6 44 10 93 3 42 8 59 57 65 84 80 90 89 82] [-1 -1 1 1] face
[35 53 51 99 88 98 52 72 70 100 97 71 81 61 69 86 91 63] [-1 1 -1 -1] face
[28 54 50 46 43 98 52 102 45 103 97 101 81 84 69 83 91 92] [-1 1 1 -1] face
[11 104 96 47 44 75 73 102 45 105 74 101 65 84 69 90 64 92] [-1 1 1 1] face
[76 94 106 66 99 36 38 88 107 70 37 87] [0 0 -1 0] face
[104 12 14 96 77 95 108 67 109 73 13 93] [0 0 0 1] face
[105 78 111 74 103 100 112 97 113 101 110 71] [0 1 0 0] face
[68 95 108 94 106 10 13 34 37 60 9 33 15 39 0 114 16 40] [1 -1 -1 1] face
[68 77 108 76 106 75 109 72 107 78 111 110 15 39 115 114 117 116] [1 1 -1 1] face
[35 53 31 99 38 98 55 72 107 100 112 110 21 39 115 41 118 116] [1 1 -1 -1] face
[28 54 26 46 24 98 55 102 48 103 112 113 21 4 115 29 118 119] [1 1 1 -1] face
[17 114 117 16 29 41 118 22 119 5 116 40] [1 0 0 0] face
[11 104 14 47 7 75 109 102 48 105 111 113 15 4 115 17 117 119] [1 1 1 1] face
]
shape [0.5 0.5 0.5 0.5] translate [0.5 0.5 0.5 0.5] aligncenter "truncated-16cell" def

