[
[0.9486832980505137 1.2247448713915892 1.7320508075688774 1]
[0.9486832980505137 1.2247448713915892 1.7320508075688774 -1]
[0.9486832980505137 1.2247448713915892 0 2]
[0.9486832980505137 1.2247448713915892 0 -2]
[0.9486832980505137 1.2247448713915892 -1.7320508075688774 1]
[0.9486832980505137 1.2247448713915892 -1.7320508075688774 -1]
[0.9486832980505137 -0.40824829046386313 1.1547005383792515 2]
[0.9486832980505137 -0.40824829046386313 1.1547005383792515 -2]
[0.9486832980505137 -0.40824829046386313 -2.3094010767585034 0]
[0.9486832980505137 -2.041241452319315 0.5773502691896257 1]
[0.9486832980505137 -2.041241452319315 0.5773502691896257 -1]
[0.9486832980505137 -2.041241452319315 -1.1547005383792515 0]
[-0.632455532033676 0.8164965809277261 1.1547005383792515 2]
[-0.632455532033676 0.8164965809277261 1.1547005383792515 -2]
[-0.632455532033676 0.8164965809277261 -2.3094010767585034 0]
[-0.632455532033676 -2.4494897427831783 0 0]
[-2.213594362117865 0.4082482904638631 0.5773502691896257 1]
[-2.213594362117865 0.4082482904638631 0.5773502691896257 -1]
[-2.213594362117865 0.4082482904638631 -1.1547005383792515 0]
[-2.213594362117865 -1.2247448713915892 0 0]
][
7 13 edge
3 13 edge
3 7 edge
1 13 edge
1 7 edge
1 3 edge
11 15 edge
10 15 edge
10 11 edge
18 19 edge
17 19 edge
17 18 edge
8 14 edge
5 14 edge
5 8 edge
15 19 edge
14 18 edge
8 11 edge
13 17 edge
7 10 edge
3 5 edge
9 15 edge
9 11 edge
9 10 edge
16 19 edge
16 18 edge
16 17 edge
4 14 edge
4 8 edge
4 5 edge
6 12 edge
2 12 edge
2 6 edge
12 16 edge
6 9 edge
2 4 edge
0 12 edge
0 6 edge
0 2 edge
0 1 edge
][
[5 4 3 2 1 0] [1 1.2909944487358023 1.8257418583505505 -3.162277660168376] face
[20 2 1 14 13 19 0 17 12 8 7 6 18 16 15 11 10 9] [-1 -1.2909944487358056 -1.8257418583505536 -3.162277660168381] face
[23 22 21 8 7 6] [1 -3.8729833462074175 0 0] face
[26 25 24 11 10 9] [-1 0 0 0] face
[29 28 27 14 13 12] [1 1.2909944487358023 -3.651483716701098 0] face
[35 32 31 28 27 34 30 17 12 22 21 6 33 16 15 25 24 9] [-1 -1.2909944487358054 -1.8257418583505531 3.162277660168381] face
[38 37 36 32 31 30] [1 1.290994448735803 1.8257418583505505 3.162277660168377] face
[39 37 36 4 3 34 30 19 0 23 21 7 33 18 15 26 24 10] [-1 -1.2909944487358056 3.6514837167011076 0] face
[39 38 36 5 3 35 31 20 1 29 27 13 33 18 16 26 25 11] [-1 3.8729833462074073 0 0] face
[39 38 37 5 4 35 32 20 2 29 28 14 34 19 17 23 22 8] [1.0540925533894603 0 0 0] face
]
shape [0.5 0.5 0.5 0.5] translate [0.5 0.5 0.5 0.5] aligncenter "truncated-5cell" def

