[
[1.897366596101028 2.4494897427831783 1.7320508075688774 1]
[1.897366596101028 2.4494897427831783 1.7320508075688774 -1]
[1.897366596101028 2.4494897427831783 0 2]
[1.897366596101028 2.4494897427831783 0 -2]
[1.897366596101028 2.4494897427831783 -1.7320508075688774 1]
[1.897366596101028 2.4494897427831783 -1.7320508075688774 -1]
[1.897366596101028 0.8164965809277261 2.8867513459481287 1]
[1.897366596101028 0.8164965809277261 2.8867513459481287 -1]
[1.897366596101028 0.8164965809277261 -0.5773502691896257 3]
[1.897366596101028 0.8164965809277261 -0.5773502691896257 -3]
[1.897366596101028 0.8164965809277261 -2.3094010767585034 2]
[1.897366596101028 0.8164965809277261 -2.3094010767585034 -2]
[1.897366596101028 -0.8164965809277261 2.3094010767585034 2]
[1.897366596101028 -0.8164965809277261 2.3094010767585034 -2]
[1.897366596101028 -0.8164965809277261 0.5773502691896257 3]
[1.897366596101028 -0.8164965809277261 0.5773502691896257 -3]
[1.897366596101028 -0.8164965809277261 -2.8867513459481287 1]
[1.897366596101028 -0.8164965809277261 -2.8867513459481287 -1]
[1.897366596101028 -2.449489742783178 1.7320508075688774 1]
[1.897366596101028 -2.449489742783178 1.7320508075688774 -1]
[1.897366596101028 -2.449489742783178 0 2]
[1.897366596101028 -2.449489742783178 0 -2]
[1.897366596101028 -2.449489742783178 -1.7320508075688774 1]
[1.897366596101028 -2.449489742783178 -1.7320508075688774 -1]
[0.3162277660168381 2.041241452319315 2.8867513459481287 1]
[0.3162277660168381 2.041241452319315 2.8867513459481287 -1]
[0.3162277660168381 2.041241452319315 -0.5773502691896257 3]
[0.3162277660168381 2.041241452319315 -0.5773502691896257 -3]
[0.3162277660168381 2.041241452319315 -2.3094010767585034 2]
[0.3162277660168381 2.041241452319315 -2.3094010767585034 -2]
[0.3162277660168381 -1.2247448713915892 1.7320508075688774 3]
[0.3162277660168381 -1.2247448713915892 1.7320508075688774 -3]
[0.3162277660168381 -1.2247448713915892 -3.464101615137755 0]
[0.3162277660168381 -2.85773803324704 1.1547005383792515 2]
[0.3162277660168381 -2.85773803324704 1.1547005383792515 -2]
[0.3162277660168381 -2.85773803324704 -2.3094010767585034 0]
[-1.2649110640673515 1.632993161855452 2.3094010767585034 2]
[-1.2649110640673515 1.632993161855452 2.3094010767585034 -2]
[-1.2649110640673515 1.632993161855452 0.5773502691896257 3]
[-1.2649110640673515 1.632993161855452 0.5773502691896257 -3]
[-1.2649110640673515 1.632993161855452 -2.8867513459481287 1]
[-1.2649110640673515 1.632993161855452 -2.8867513459481287 -1]
[-1.2649110640673515 0 1.7320508075688774 3]
[-1.2649110640673515 0 1.7320508075688774 -3]
[-1.2649110640673515 0 -3.464101615137755 0]
[-1.2649110640673515 -3.265986323710904 0.5773502691896257 1]
[-1.2649110640673515 -3.265986323710904 0.5773502691896257 -1]
[-1.2649110640673515 -3.265986323710904 -1.1547005383792515 0]
[-2.846049894151541 1.2247448713915892 1.7320508075688774 1]
[-2.846049894151541 1.2247448713915892 1.7320508075688774 -1]
[-2.846049894151541 1.2247448713915892 0 2]
[-2.846049894151541 1.2247448713915892 0 -2]
[-2.846049894151541 1.2247448713915892 -1.7320508075688774 1]
[-2.846049894151541 1.2247448713915892 -1.7320508075688774 -1]
[-2.846049894151541 -0.40824829046386313 1.1547005383792515 2]
[-2.846049894151541 -0.40824829046386313 1.1547005383792515 -2]
[-2.846049894151541 -0.40824829046386313 -2.3094010767585034 0]
[-2.846049894151541 -2.041241452319315 0.5773502691896257 1]
[-2.846049894151541 -2.041241452319315 0.5773502691896257 -1]
[-2.846049894151541 -2.041241452319315 -1.1547005383792515 0]
][
9 27 edge
3 27 edge
3 9 edge
15 31 edge
39 43 edge
31 43 edge
27 39 edge
9 15 edge
13 31 edge
13 15 edge
37 43 edge
37 39 edge
7 25 edge
25 37 edge
7 13 edge
1 25 edge
1 7 edge
1 3 edge
11 29 edge
27 29 edge
9 11 edge
5 29 edge
5 11 edge
3 5 edge
21 34 edge
31 34 edge
15 21 edge
51 55 edge
43 55 edge
39 51 edge
58 59 edge
46 47 edge
47 59 edge
46 58 edge
53 56 edge
56 59 edge
55 58 edge
51 53 edge
44 56 edge
41 44 edge
41 53 edge
23 35 edge
35 47 edge
34 46 edge
21 23 edge
32 35 edge
17 32 edge
17 23 edge
32 44 edge
29 41 edge
11 17 edge
19 34 edge
19 21 edge
13 19 edge
49 55 edge
49 51 edge
37 49 edge
57 59 edge
57 58 edge
45 47 edge
45 46 edge
45 57 edge
52 56 edge
52 53 edge
50 54 edge
48 54 edge
48 50 edge
54 57 edge
50 52 edge
48 49 edge
40 44 edge
40 52 edge
40 41 edge
42 54 edge
38 42 edge
38 50 edge
36 42 edge
36 48 edge
36 38 edge
22 35 edge
22 23 edge
20 33 edge
18 33 edge
18 20 edge
33 45 edge
20 22 edge
18 19 edge
16 32 edge
16 22 edge
16 17 edge
30 33 edge
14 30 edge
14 20 edge
12 30 edge
12 18 edge
12 14 edge
30 42 edge
10 28 edge
28 40 edge
10 16 edge
8 26 edge
26 28 edge
8 10 edge
26 38 edge
8 14 edge
6 24 edge
24 36 edge
6 12 edge
24 25 edge
6 7 edge
4 28 edge
4 10 edge
4 5 edge
2 26 edge
2 8 edge
2 4 edge
0 24 edge
0 6 edge
0 2 edge
0 1 edge
][
[17 16 15 2 1 14 12 7 0 9 8 3 13 6 5 11 10 4] [1 1.290994448735801 1.825741858350548 -3.162277660168369] face
[23 2 1 22 21 20 0 18 19] [1.0954451150103346 1.414213562373093 -1 -1.7320508075688752] face
[20 7 0 50 18 26 3 47 46 44 24 41 19 6 49 25 5 45 48 43 42 4 29 39 40 28 38 31 33 32 37 27 34 36 35 30] [-1 -1.2909944487358058 -1.8257418583505536 -3.162277660168381] face
[9 53 8 26 3 52 51 24 25] [1.0954451150103262 -1.414213562373092 1 -1.7320508075688785] face
[11 10 56 4 29 28 55 54 27] [-2.3237900077244587 1 1.4142135623730985 -2.4494897427831828] face
[60 59 61 31 33 32 58 57 30] [-1 -1.2909944487358063 0 0] face
[69 66 65 55 54 68 64 37 27 63 62 34 67 36 35 58 57 30] [-1 0 0 0] face
[72 70 71 39 40 38 63 62 34] [-2.3237900077244342 1 -2.8284271247461765 0] face
[78 76 77 74 75 73 66 65 64] [-2.3237900077244578 1 1.4142135623730987 2.4494897427831868] face
[86 83 82 52 51 85 81 44 24 80 79 41 84 43 42 60 59 31] [1 -3.872983346207401 0 0] face
[89 88 87 47 46 80 79 41 45] [1 -1.2909944487358052 -1.8257418583505531 0] face
[95 94 93 92 91 83 82 81 90] [1.0954451150103264 -1.414213562373093 1 1.7320508075688807] face
[102 104 100 99 97 92 91 88 87 85 81 79 101 103 98 90 96 45 48 84 42 74 75 70 71 73 38 59 61 32 68 64 62 67 35 57] [-1 -1.2909944487358067 -1.8257418583505554 3.1622776601683835] face
[109 107 105 14 12 94 93 53 8 86 82 51 108 106 13 90 96 25 5 84 43 76 77 10 56 73 28 60 61 33 69 65 54 67 36 58] [-1 -1.2909944487358147 3.6514837167011573 0] face
[112 111 110 22 21 99 97 50 18 89 87 46 98 49 48 72 70 39] [1 1.2909944487358094 -3.651483716701097 0] face
[115 114 113 111 110 102 100 97 101] [1.0954451150103335 1.4142135623730916 -1 1.7320508075688743] face
[118 117 116 114 113 107 105 104 100 95 93 91 106 103 96 78 76 74] [1 1.2909944487358045 1.8257418583505536 3.1622776601683835] face
[119 117 116 16 15 109 105 12 108] [1 1.290994448735797 1.8257418583505653 0] face
[119 118 116 17 15 115 113 23 1 112 110 21 108 106 13 101 103 19 6 98 49 78 77 11 56 75 29 72 71 40 69 66 55 68 37 63] [-1 3.8729833462074086 0 0] face
[119 118 117 17 16 115 114 23 2 112 111 22 109 107 14 102 104 20 7 99 50 95 94 9 53 92 26 89 88 47 86 83 52 85 44 80] [1 0 0 0] face
]
shape [0.5 0.5 0.5 0.5] translate [0.5 0.5 0.5 0.5] aligncenter "cantitruncated-5cell" def

