[
[1 2.4142135623730954 3.8284271247461907 7.2426406871192865]
[1 2.4142135623730954 3.8284271247461907 -7.2426406871192865]
[1 2.4142135623730954 -3.8284271247461907 7.2426406871192865]
[1 2.4142135623730954 -3.8284271247461907 -7.2426406871192865]
[1 -2.4142135623730954 3.8284271247461907 7.2426406871192865]
[1 -2.4142135623730954 3.8284271247461907 -7.2426406871192865]
[1 -2.4142135623730954 -3.8284271247461907 7.2426406871192865]
[1 -2.4142135623730954 -3.8284271247461907 -7.2426406871192865]
[-1 2.4142135623730954 3.8284271247461907 7.2426406871192865]
[-1 2.4142135623730954 3.8284271247461907 -7.2426406871192865]
[-1 2.4142135623730954 -3.8284271247461907 7.2426406871192865]
[-1 2.4142135623730954 -3.8284271247461907 -7.2426406871192865]
[-1 -2.4142135623730954 3.8284271247461907 7.2426406871192865]
[-1 -2.4142135623730954 3.8284271247461907 -7.2426406871192865]
[-1 -2.4142135623730954 -3.8284271247461907 7.2426406871192865]
[-1 -2.4142135623730954 -3.8284271247461907 -7.2426406871192865]
[1 2.4142135623730954 7.2426406871192865 3.8284271247461907]
[1 2.4142135623730954 7.2426406871192865 -3.8284271247461907]
[1 2.4142135623730954 -7.2426406871192865 3.8284271247461907]
[1 2.4142135623730954 -7.2426406871192865 -3.8284271247461907]
[1 -2.4142135623730954 7.2426406871192865 3.8284271247461907]
[1 -2.4142135623730954 7.2426406871192865 -3.8284271247461907]
[1 -2.4142135623730954 -7.2426406871192865 3.8284271247461907]
[1 -2.4142135623730954 -7.2426406871192865 -3.8284271247461907]
[-1 2.4142135623730954 7.2426406871192865 3.8284271247461907]
[-1 2.4142135623730954 7.2426406871192865 -3.8284271247461907]
[-1 2.4142135623730954 -7.2426406871192865 3.8284271247461907]
[-1 2.4142135623730954 -7.2426406871192865 -3.8284271247461907]
[-1 -2.4142135623730954 7.2426406871192865 3.8284271247461907]
[-1 -2.4142135623730954 7.2426406871192865 -3.8284271247461907]
[-1 -2.4142135623730954 -7.2426406871192865 3.8284271247461907]
[-1 -2.4142135623730954 -7.2426406871192865 -3.8284271247461907]
[1 3.8284271247461907 2.4142135623730954 7.2426406871192865]
[1 3.8284271247461907 2.4142135623730954 -7.2426406871192865]
[1 3.8284271247461907 -2.4142135623730954 7.2426406871192865]
[1 3.8284271247461907 -2.4142135623730954 -7.2426406871192865]
[1 -3.8284271247461907 2.4142135623730954 7.2426406871192865]
[1 -3.8284271247461907 2.4142135623730954 -7.2426406871192865]
[1 -3.8284271247461907 -2.4142135623730954 7.2426406871192865]
[1 -3.8284271247461907 -2.4142135623730954 -7.2426406871192865]
[-1 3.8284271247461907 2.4142135623730954 7.2426406871192865]
[-1 3.8284271247461907 2.4142135623730954 -7.2426406871192865]
[-1 3.8284271247461907 -2.4142135623730954 7.2426406871192865]
[-1 3.8284271247461907 -2.4142135623730954 -7.2426406871192865]
[-1 -3.8284271247461907 2.4142135623730954 7.2426406871192865]
[-1 -3.8284271247461907 2.4142135623730954 -7.2426406871192865]
[-1 -3.8284271247461907 -2.4142135623730954 7.2426406871192865]
[-1 -3.8284271247461907 -2.4142135623730954 -7.2426406871192865]
[1 3.8284271247461907 7.2426406871192865 2.4142135623730954]
[1 3.8284271247461907 7.2426406871192865 -2.4142135623730954]
[1 3.8284271247461907 -7.2426406871192865 2.4142135623730954]
[1 3.8284271247461907 -7.2426406871192865 -2.4142135623730954]
[1 -3.8284271247461907 7.2426406871192865 2.4142135623730954]
[1 -3.8284271247461907 7.2426406871192865 -2.4142135623730954]
[1 -3.8284271247461907 -7.2426406871192865 2.4142135623730954]
[1 -3.8284271247461907 -7.2426406871192865 -2.4142135623730954]
[-1 3.8284271247461907 7.2426406871192865 2.4142135623730954]
[-1 3.8284271247461907 7.2426406871192865 -2.4142135623730954]
[-1 3.8284271247461907 -7.2426406871192865 2.4142135623730954]
[-1 3.8284271247461907 -7.2426406871192865 -2.4142135623730954]
[-1 -3.8284271247461907 7.2426406871192865 2.4142135623730954]
[-1 -3.8284271247461907 7.2426406871192865 -2.4142135623730954]
[-1 -3.8284271247461907 -7.2426406871192865 2.4142135623730954]
[-1 -3.8284271247461907 -7.2426406871192865 -2.4142135623730954]
[1 7.2426406871192865 2.4142135623730954 3.8284271247461907]
[1 7.2426406871192865 2.4142135623730954 -3.8284271247461907]
[1 7.2426406871192865 -2.4142135623730954 3.8284271247461907]
[1 7.2426406871192865 -2.4142135623730954 -3.8284271247461907]
[1 -7.2426406871192865 2.4142135623730954 3.8284271247461907]
[1 -7.2426406871192865 2.4142135623730954 -3.8284271247461907]
[1 -7.2426406871192865 -2.4142135623730954 3.8284271247461907]
[1 -7.2426406871192865 -2.4142135623730954 -3.8284271247461907]
[-1 7.2426406871192865 2.4142135623730954 3.8284271247461907]
[-1 7.2426406871192865 2.4142135623730954 -3.8284271247461907]
[-1 7.2426406871192865 -2.4142135623730954 3.8284271247461907]
[-1 7.2426406871192865 -2.4142135623730954 -3.8284271247461907]
[-1 -7.2426406871192865 2.4142135623730954 3.8284271247461907]
[-1 -7.2426406871192865 2.4142135623730954 -3.8284271247461907]
[-1 -7.2426406871192865 -2.4142135623730954 3.8284271247461907]
[-1 -7.2426406871192865 -2.4142135623730954 -3.8284271247461907]
[1 7.2426406871192865 3.8284271247461907 2.4142135623730954]
[1 7.2426406871192865 3.8284271247461907 -2.4142135623730954]
[1 7.2426406871192865 -3.8284271247461907 2.4142135623730954]
[1 7.2426406871192865 -3.8284271247461907 -2.4142135623730954]
[1 -7.2426406871192865 3.8284271247461907 2.4142135623730954]
[1 -7.2426406871192865 3.8284271247461907 -2.4142135623730954]
[1 -7.2426406871192865 -3.8284271247461907 2.4142135623730954]
[1 -7.2426406871192865 -3.8284271247461907 -2.4142135623730954]
[-1 7.2426406871192865 3.8284271247461907 2.4142135623730954]
[-1 7.2426406871192865 3.8284271247461907 -2.4142135623730954]
[-1 7.2426406871192865 -3.8284271247461907 2.4142135623730954]
[-1 7.2426406871192865 -3.8284271247461907 -2.4142135623730954]
[-1 -7.2426406871192865 3.8284271247461907 2.4142135623730954]
[-1 -7.2426406871192865 3.8284271247461907 -2.4142135623730954]
[-1 -7.2426406871192865 -3.8284271247461907 2.4142135623730954]
[-1 -7.2426406871192865 -3.8284271247461907 -2.4142135623730954]
[2.4142135623730954 1 3.8284271247461907 7.2426406871192865]
[2.4142135623730954 1 3.8284271247461907 -7.2426406871192865]
[2.4142135623730954 1 -3.8284271247461907 7.2426406871192865]
[2.4142135623730954 1 -3.8284271247461907 -7.2426406871192865]
[2.4142135623730954 -1 3.8284271247461907 7.2426406871192865]
[2.4142135623730954 -1 3.8284271247461907 -7.2426406871192865]
[2.4142135623730954 -1 -3.8284271247461907 7.2426406871192865]
[2.4142135623730954 -1 -3.8284271247461907 -7.2426406871192865]
[-2.4142135623730954 1 3.8284271247461907 7.2426406871192865]
[-2.4142135623730954 1 3.8284271247461907 -7.2426406871192865]
[-2.4142135623730954 1 -3.8284271247461907 7.2426406871192865]
[-2.4142135623730954 1 -3.8284271247461907 -7.2426406871192865]
[-2.4142135623730954 -1 3.8284271247461907 7.2426406871192865]
[-2.4142135623730954 -1 3.8284271247461907 -7.2426406871192865]
[-2.4142135623730954 -1 -3.8284271247461907 7.2426406871192865]
[-2.4142135623730954 -1 -3.8284271247461907 -7.2426406871192865]
[2.4142135623730954 1 7.2426406871192865 3.8284271247461907]
[2.4142135623730954 1 7.2426406871192865 -3.8284271247461907]
[2.4142135623730954 1 -7.2426406871192865 3.8284271247461907]
[2.4142135623730954 1 -7.2426406871192865 -3.8284271247461907]
[2.4142135623730954 -1 7.2426406871192865 3.8284271247461907]
[2.4142135623730954 -1 7.2426406871192865 -3.8284271247461907]
[2.4142135623730954 -1 -7.2426406871192865 3.8284271247461907]
[2.4142135623730954 -1 -7.2426406871192865 -3.8284271247461907]
[-2.4142135623730954 1 7.2426406871192865 3.8284271247461907]
[-2.4142135623730954 1 7.2426406871192865 -3.8284271247461907]
[-2.4142135623730954 1 -7.2426406871192865 3.8284271247461907]
[-2.4142135623730954 1 -7.2426406871192865 -3.8284271247461907]
[-2.4142135623730954 -1 7.2426406871192865 3.8284271247461907]
[-2.4142135623730954 -1 7.2426406871192865 -3.8284271247461907]
[-2.4142135623730954 -1 -7.2426406871192865 3.8284271247461907]
[-2.4142135623730954 -1 -7.2426406871192865 -3.8284271247461907]
[2.4142135623730954 3.8284271247461907 1 7.2426406871192865]
[2.4142135623730954 3.8284271247461907 1 -7.2426406871192865]
[2.4142135623730954 3.8284271247461907 -1 7.2426406871192865]
[2.4142135623730954 3.8284271247461907 -1 -7.2426406871192865]
[2.4142135623730954 -3.8284271247461907 1 7.2426406871192865]
[2.4142135623730954 -3.8284271247461907 1 -7.2426406871192865]
[2.4142135623730954 -3.8284271247461907 -1 7.2426406871192865]
[2.4142135623730954 -3.8284271247461907 -1 -7.2426406871192865]
[-2.4142135623730954 3.8284271247461907 1 7.2426406871192865]
[-2.4142135623730954 3.8284271247461907 1 -7.2426406871192865]
[-2.4142135623730954 3.8284271247461907 -1 7.2426406871192865]
[-2.4142135623730954 3.8284271247461907 -1 -7.2426406871192865]
[-2.4142135623730954 -3.8284271247461907 1 7.2426406871192865]
[-2.4142135623730954 -3.8284271247461907 1 -7.2426406871192865]
[-2.4142135623730954 -3.8284271247461907 -1 7.2426406871192865]
[-2.4142135623730954 -3.8284271247461907 -1 -7.2426406871192865]
[2.4142135623730954 3.8284271247461907 7.2426406871192865 1]
[2.4142135623730954 3.8284271247461907 7.2426406871192865 -1]
[2.4142135623730954 3.8284271247461907 -7.2426406871192865 1]
[2.4142135623730954 3.8284271247461907 -7.2426406871192865 -1]
[2.4142135623730954 -3.8284271247461907 7.2426406871192865 1]
[2.4142135623730954 -3.8284271247461907 7.2426406871192865 -1]
[2.4142135623730954 -3.8284271247461907 -7.2426406871192865 1]
[2.4142135623730954 -3.8284271247461907 -7.2426406871192865 -1]
[-2.4142135623730954 3.8284271247461907 7.2426406871192865 1]
[-2.4142135623730954 3.8284271247461907 7.2426406871192865 -1]
[-2.4142135623730954 3.8284271247461907 -7.2426406871192865 1]
[-2.4142135623730954 3.8284271247461907 -7.2426406871192865 -1]
[-2.4142135623730954 -3.8284271247461907 7.2426406871192865 1]
[-2.4142135623730954 -3.8284271247461907 7.2426406871192865 -1]
[-2.4142135623730954 -3.8284271247461907 -7.2426406871192865 1]
[-2.4142135623730954 -3.8284271247461907 -7.2426406871192865 -1]
[2.4142135623730954 7.2426406871192865 1 3.8284271247461907]
[2.4142135623730954 7.2426406871192865 1 -3.8284271247461907]
[2.4142135623730954 7.2426406871192865 -1 3.8284271247461907]
[2.4142135623730954 7.2426406871192865 -1 -3.8284271247461907]
[2.4142135623730954 -7.2426406871192865 1 3.8284271247461907]
[2.4142135623730954 -7.2426406871192865 1 -3.8284271247461907]
[2.4142135623730954 -7.2426406871192865 -1 3.8284271247461907]
[2.4142135623730954 -7.2426406871192865 -1 -3.8284271247461907]
[-2.4142135623730954 7.2426406871192865 1 3.8284271247461907]
[-2.4142135623730954 7.2426406871192865 1 -3.8284271247461907]
[-2.4142135623730954 7.2426406871192865 -1 3.8284271247461907]
[-2.4142135623730954 7.2426406871192865 -1 -3.8284271247461907]
[-2.4142135623730954 -7.2426406871192865 1 3.8284271247461907]
[-2.4142135623730954 -7.2426406871192865 1 -3.8284271247461907]
[-2.4142135623730954 -7.2426406871192865 -1 3.8284271247461907]
[-2.4142135623730954 -7.2426406871192865 -1 -3.8284271247461907]
[2.4142135623730954 7.2426406871192865 3.8284271247461907 1]
[2.4142135623730954 7.2426406871192865 3.8284271247461907 -1]
[2.4142135623730954 7.2426406871192865 -3.8284271247461907 1]
[2.4142135623730954 7.2426406871192865 -3.8284271247461907 -1]
[2.4142135623730954 -7.2426406871192865 3.8284271247461907 1]
[2.4142135623730954 -7.2426406871192865 3.8284271247461907 -1]
[2.4142135623730954 -7.2426406871192865 -3.8284271247461907 1]
[2.4142135623730954 -7.2426406871192865 -3.8284271247461907 -1]
[-2.4142135623730954 7.2426406871192865 3.8284271247461907 1]
[-2.4142135623730954 7.2426406871192865 3.8284271247461907 -1]
[-2.4142135623730954 7.2426406871192865 -3.8284271247461907 1]
[-2.4142135623730954 7.2426406871192865 -3.8284271247461907 -1]
[-2.4142135623730954 -7.2426406871192865 3.8284271247461907 1]
[-2.4142135623730954 -7.2426406871192865 3.8284271247461907 -1]
[-2.4142135623730954 -7.2426406871192865 -3.8284271247461907 1]
[-2.4142135623730954 -7.2426406871192865 -3.8284271247461907 -1]
[3.8284271247461907 1 2.4142135623730954 7.2426406871192865]
[3.8284271247461907 1 2.4142135623730954 -7.2426406871192865]
[3.8284271247461907 1 -2.4142135623730954 7.2426406871192865]
[3.8284271247461907 1 -2.4142135623730954 -7.2426406871192865]
[3.8284271247461907 -1 2.4142135623730954 7.2426406871192865]
[3.8284271247461907 -1 2.4142135623730954 -7.2426406871192865]
[3.8284271247461907 -1 -2.4142135623730954 7.2426406871192865]
[3.8284271247461907 -1 -2.4142135623730954 -7.2426406871192865]
[-3.8284271247461907 1 2.4142135623730954 7.2426406871192865]
[-3.8284271247461907 1 2.4142135623730954 -7.2426406871192865]
[-3.8284271247461907 1 -2.4142135623730954 7.2426406871192865]
[-3.8284271247461907 1 -2.4142135623730954 -7.2426406871192865]
[-3.8284271247461907 -1 2.4142135623730954 7.2426406871192865]
[-3.8284271247461907 -1 2.4142135623730954 -7.2426406871192865]
[-3.8284271247461907 -1 -2.4142135623730954 7.2426406871192865]
[-3.8284271247461907 -1 -2.4142135623730954 -7.2426406871192865]
[3.8284271247461907 1 7.2426406871192865 2.4142135623730954]
[3.8284271247461907 1 7.2426406871192865 -2.4142135623730954]
[3.8284271247461907 1 -7.2426406871192865 2.4142135623730954]
[3.8284271247461907 1 -7.2426406871192865 -2.4142135623730954]
[3.8284271247461907 -1 7.2426406871192865 2.4142135623730954]
[3.8284271247461907 -1 7.2426406871192865 -2.4142135623730954]
[3.8284271247461907 -1 -7.2426406871192865 2.4142135623730954]
[3.8284271247461907 -1 -7.2426406871192865 -2.4142135623730954]
[-3.8284271247461907 1 7.2426406871192865 2.4142135623730954]
[-3.8284271247461907 1 7.2426406871192865 -2.4142135623730954]
[-3.8284271247461907 1 -7.2426406871192865 2.4142135623730954]
[-3.8284271247461907 1 -7.2426406871192865 -2.4142135623730954]
[-3.8284271247461907 -1 7.2426406871192865 2.4142135623730954]
[-3.8284271247461907 -1 7.2426406871192865 -2.4142135623730954]
[-3.8284271247461907 -1 -7.2426406871192865 2.4142135623730954]
[-3.8284271247461907 -1 -7.2426406871192865 -2.4142135623730954]
[3.8284271247461907 2.4142135623730954 1 7.2426406871192865]
[3.8284271247461907 2.4142135623730954 1 -7.2426406871192865]
[3.8284271247461907 2.4142135623730954 -1 7.2426406871192865]
[3.8284271247461907 2.4142135623730954 -1 -7.2426406871192865]
[3.8284271247461907 -2.4142135623730954 1 7.2426406871192865]
[3.8284271247461907 -2.4142135623730954 1 -7.2426406871192865]
[3.8284271247461907 -2.4142135623730954 -1 7.2426406871192865]
[3.8284271247461907 -2.4142135623730954 -1 -7.2426406871192865]
[-3.8284271247461907 2.4142135623730954 1 7.2426406871192865]
[-3.8284271247461907 2.4142135623730954 1 -7.2426406871192865]
[-3.8284271247461907 2.4142135623730954 -1 7.2426406871192865]
[-3.8284271247461907 2.4142135623730954 -1 -7.2426406871192865]
[-3.8284271247461907 -2.4142135623730954 1 7.2426406871192865]
[-3.8284271247461907 -2.4142135623730954 1 -7.2426406871192865]
[-3.8284271247461907 -2.4142135623730954 -1 7.2426406871192865]
[-3.8284271247461907 -2.4142135623730954 -1 -7.2426406871192865]
[3.8284271247461907 2.4142135623730954 7.2426406871192865 1]
[3.8284271247461907 2.4142135623730954 7.2426406871192865 -1]
[3.8284271247461907 2.4142135623730954 -7.2426406871192865 1]
[3.8284271247461907 2.4142135623730954 -7.2426406871192865 -1]
[3.8284271247461907 -2.4142135623730954 7.2426406871192865 1]
[3.8284271247461907 -2.4142135623730954 7.2426406871192865 -1]
[3.8284271247461907 -2.4142135623730954 -7.2426406871192865 1]
[3.8284271247461907 -2.4142135623730954 -7.2426406871192865 -1]
[-3.8284271247461907 2.4142135623730954 7.2426406871192865 1]
[-3.8284271247461907 2.4142135623730954 7.2426406871192865 -1]
[-3.8284271247461907 2.4142135623730954 -7.2426406871192865 1]
[-3.8284271247461907 2.4142135623730954 -7.2426406871192865 -1]
[-3.8284271247461907 -2.4142135623730954 7.2426406871192865 1]
[-3.8284271247461907 -2.4142135623730954 7.2426406871192865 -1]
[-3.8284271247461907 -2.4142135623730954 -7.2426406871192865 1]
[-3.8284271247461907 -2.4142135623730954 -7.2426406871192865 -1]
[3.8284271247461907 7.2426406871192865 1 2.4142135623730954]
[3.8284271247461907 7.2426406871192865 1 -2.4142135623730954]
[3.8284271247461907 7.2426406871192865 -1 2.4142135623730954]
[3.8284271247461907 7.2426406871192865 -1 -2.4142135623730954]
[3.8284271247461907 -7.2426406871192865 1 2.4142135623730954]
[3.8284271247461907 -7.2426406871192865 1 -2.4142135623730954]
[3.8284271247461907 -7.2426406871192865 -1 2.4142135623730954]
[3.8284271247461907 -7.2426406871192865 -1 -2.4142135623730954]
[-3.8284271247461907 7.2426406871192865 1 2.4142135623730954]
[-3.8284271247461907 7.2426406871192865 1 -2.4142135623730954]
[-3.8284271247461907 7.2426406871192865 -1 2.4142135623730954]
[-3.8284271247461907 7.2426406871192865 -1 -2.4142135623730954]
[-3.8284271247461907 -7.2426406871192865 1 2.4142135623730954]
[-3.8284271247461907 -7.2426406871192865 1 -2.4142135623730954]
[-3.8284271247461907 -7.2426406871192865 -1 2.4142135623730954]
[-3.8284271247461907 -7.2426406871192865 -1 -2.4142135623730954]
[3.8284271247461907 7.2426406871192865 2.4142135623730954 1]
[3.8284271247461907 7.2426406871192865 2.4142135623730954 -1]
[3.8284271247461907 7.2426406871192865 -2.4142135623730954 1]
[3.8284271247461907 7.2426406871192865 -2.4142135623730954 -1]
[3.8284271247461907 -7.2426406871192865 2.4142135623730954 1]
[3.8284271247461907 -7.2426406871192865 2.4142135623730954 -1]
[3.8284271247461907 -7.2426406871192865 -2.4142135623730954 1]
[3.8284271247461907 -7.2426406871192865 -2.4142135623730954 -1]
[-3.8284271247461907 7.2426406871192865 2.4142135623730954 1]
[-3.8284271247461907 7.2426406871192865 2.4142135623730954 -1]
[-3.8284271247461907 7.2426406871192865 -2.4142135623730954 1]
[-3.8284271247461907 7.2426406871192865 -2.4142135623730954 -1]
[-3.8284271247461907 -7.2426406871192865 2.4142135623730954 1]
[-3.8284271247461907 -7.2426406871192865 2.4142135623730954 -1]
[-3.8284271247461907 -7.2426406871192865 -2.4142135623730954 1]
[-3.8284271247461907 -7.2426406871192865 -2.4142135623730954 -1]
[7.2426406871192865 1 2.4142135623730954 3.8284271247461907]
[7.2426406871192865 1 2.4142135623730954 -3.8284271247461907]
[7.2426406871192865 1 -2.4142135623730954 3.8284271247461907]
[7.2426406871192865 1 -2.4142135623730954 -3.8284271247461907]
[7.2426406871192865 -1 2.4142135623730954 3.8284271247461907]
[7.2426406871192865 -1 2.4142135623730954 -3.8284271247461907]
[7.2426406871192865 -1 -2.4142135623730954 3.8284271247461907]
[7.2426406871192865 -1 -2.4142135623730954 -3.8284271247461907]
[-7.2426406871192865 1 2.4142135623730954 3.8284271247461907]
[-7.2426406871192865 1 2.4142135623730954 -3.8284271247461907]
[-7.2426406871192865 1 -2.4142135623730954 3.8284271247461907]
[-7.2426406871192865 1 -2.4142135623730954 -3.8284271247461907]
[-7.2426406871192865 -1 2.4142135623730954 3.8284271247461907]
[-7.2426406871192865 -1 2.4142135623730954 -3.8284271247461907]
[-7.2426406871192865 -1 -2.4142135623730954 3.8284271247461907]
[-7.2426406871192865 -1 -2.4142135623730954 -3.8284271247461907]
[7.2426406871192865 1 3.8284271247461907 2.4142135623730954]
[7.2426406871192865 1 3.8284271247461907 -2.4142135623730954]
[7.2426406871192865 1 -3.8284271247461907 2.4142135623730954]
[7.2426406871192865 1 -3.8284271247461907 -2.4142135623730954]
[7.2426406871192865 -1 3.8284271247461907 2.4142135623730954]
[7.2426406871192865 -1 3.8284271247461907 -2.4142135623730954]
[7.2426406871192865 -1 -3.8284271247461907 2.4142135623730954]
[7.2426406871192865 -1 -3.8284271247461907 -2.4142135623730954]
[-7.2426406871192865 1 3.8284271247461907 2.4142135623730954]
[-7.2426406871192865 1 3.8284271247461907 -2.4142135623730954]
[-7.2426406871192865 1 -3.8284271247461907 2.4142135623730954]
[-7.2426406871192865 1 -3.8284271247461907 -2.4142135623730954]
[-7.2426406871192865 -1 3.8284271247461907 2.4142135623730954]
[-7.2426406871192865 -1 3.8284271247461907 -2.4142135623730954]
[-7.2426406871192865 -1 -3.8284271247461907 2.4142135623730954]
[-7.2426406871192865 -1 -3.8284271247461907 -2.4142135623730954]
[7.2426406871192865 2.4142135623730954 1 3.8284271247461907]
[7.2426406871192865 2.4142135623730954 1 -3.8284271247461907]
[7.2426406871192865 2.4142135623730954 -1 3.8284271247461907]
[7.2426406871192865 2.4142135623730954 -1 -3.8284271247461907]
[7.2426406871192865 -2.4142135623730954 1 3.8284271247461907]
[7.2426406871192865 -2.4142135623730954 1 -3.8284271247461907]
[7.2426406871192865 -2.4142135623730954 -1 3.8284271247461907]
[7.2426406871192865 -2.4142135623730954 -1 -3.8284271247461907]
[-7.2426406871192865 2.4142135623730954 1 3.8284271247461907]
[-7.2426406871192865 2.4142135623730954 1 -3.8284271247461907]
[-7.2426406871192865 2.4142135623730954 -1 3.8284271247461907]
[-7.2426406871192865 2.4142135623730954 -1 -3.8284271247461907]
[-7.2426406871192865 -2.4142135623730954 1 3.8284271247461907]
[-7.2426406871192865 -2.4142135623730954 1 -3.8284271247461907]
[-7.2426406871192865 -2.4142135623730954 -1 3.8284271247461907]
[-7.2426406871192865 -2.4142135623730954 -1 -3.8284271247461907]
[7.2426406871192865 2.4142135623730954 3.8284271247461907 1]
[7.2426406871192865 2.4142135623730954 3.8284271247461907 -1]
[7.2426406871192865 2.4142135623730954 -3.8284271247461907 1]
[7.2426406871192865 2.4142135623730954 -3.8284271247461907 -1]
[7.2426406871192865 -2.4142135623730954 3.8284271247461907 1]
[7.2426406871192865 -2.4142135623730954 3.8284271247461907 -1]
[7.2426406871192865 -2.4142135623730954 -3.8284271247461907 1]
[7.2426406871192865 -2.4142135623730954 -3.8284271247461907 -1]
[-7.2426406871192865 2.4142135623730954 3.8284271247461907 1]
[-7.2426406871192865 2.4142135623730954 3.8284271247461907 -1]
[-7.2426406871192865 2.4142135623730954 -3.8284271247461907 1]
[-7.2426406871192865 2.4142135623730954 -3.8284271247461907 -1]
[-7.2426406871192865 -2.4142135623730954 3.8284271247461907 1]
[-7.2426406871192865 -2.4142135623730954 3.8284271247461907 -1]
[-7.2426406871192865 -2.4142135623730954 -3.8284271247461907 1]
[-7.2426406871192865 -2.4142135623730954 -3.8284271247461907 -1]
[7.2426406871192865 3.8284271247461907 1 2.4142135623730954]
[7.2426406871192865 3.8284271247461907 1 -2.4142135623730954]
[7.2426406871192865 3.8284271247461907 -1 2.4142135623730954]
[7.2426406871192865 3.8284271247461907 -1 -2.4142135623730954]
[7.2426406871192865 -3.8284271247461907 1 2.4142135623730954]
[7.2426406871192865 -3.8284271247461907 1 -2.4142135623730954]
[7.2426406871192865 -3.8284271247461907 -1 2.4142135623730954]
[7.2426406871192865 -3.8284271247461907 -1 -2.4142135623730954]
[-7.2426406871192865 3.8284271247461907 1 2.4142135623730954]
[-7.2426406871192865 3.8284271247461907 1 -2.4142135623730954]
[-7.2426406871192865 3.8284271247461907 -1 2.4142135623730954]
[-7.2426406871192865 3.8284271247461907 -1 -2.4142135623730954]
[-7.2426406871192865 -3.8284271247461907 1 2.4142135623730954]
[-7.2426406871192865 -3.8284271247461907 1 -2.4142135623730954]
[-7.2426406871192865 -3.8284271247461907 -1 2.4142135623730954]
[-7.2426406871192865 -3.8284271247461907 -1 -2.4142135623730954]
[7.2426406871192865 3.8284271247461907 2.4142135623730954 1]
[7.2426406871192865 3.8284271247461907 2.4142135623730954 -1]
[7.2426406871192865 3.8284271247461907 -2.4142135623730954 1]
[7.2426406871192865 3.8284271247461907 -2.4142135623730954 -1]
[7.2426406871192865 -3.8284271247461907 2.4142135623730954 1]
[7.2426406871192865 -3.8284271247461907 2.4142135623730954 -1]
[7.2426406871192865 -3.8284271247461907 -2.4142135623730954 1]
[7.2426406871192865 -3.8284271247461907 -2.4142135623730954 -1]
[-7.2426406871192865 3.8284271247461907 2.4142135623730954 1]
[-7.2426406871192865 3.8284271247461907 2.4142135623730954 -1]
[-7.2426406871192865 3.8284271247461907 -2.4142135623730954 1]
[-7.2426406871192865 3.8284271247461907 -2.4142135623730954 -1]
[-7.2426406871192865 -3.8284271247461907 2.4142135623730954 1]
[-7.2426406871192865 -3.8284271247461907 2.4142135623730954 -1]
[-7.2426406871192865 -3.8284271247461907 -2.4142135623730954 1]
[-7.2426406871192865 -3.8284271247461907 -2.4142135623730954 -1]
[0 6.242640687119284 3.414213562373095 4.828427124746191]
[0 6.242640687119284 3.414213562373095 -4.828427124746191]
[0 6.242640687119284 -3.414213562373095 4.828427124746191]
[0 6.242640687119284 -3.414213562373095 -4.828427124746191]
[0 -6.242640687119284 3.414213562373095 4.828427124746191]
[0 -6.242640687119284 3.414213562373095 -4.828427124746191]
[0 -6.242640687119284 -3.414213562373095 4.828427124746191]
[0 -6.242640687119284 -3.414213562373095 -4.828427124746191]
[0 6.242640687119284 4.828427124746191 3.414213562373095]
[0 6.242640687119284 4.828427124746191 -3.414213562373095]
[0 6.242640687119284 -4.828427124746191 3.414213562373095]
[0 6.242640687119284 -4.828427124746191 -3.414213562373095]
[0 -6.242640687119284 4.828427124746191 3.414213562373095]
[0 -6.242640687119284 4.828427124746191 -3.414213562373095]
[0 -6.242640687119284 -4.828427124746191 3.414213562373095]
[0 -6.242640687119284 -4.828427124746191 -3.414213562373095]
[3.414213562373095 0 4.828427124746191 6.242640687119284]
[3.414213562373095 0 4.828427124746191 -6.242640687119284]
[3.414213562373095 0 -4.828427124746191 6.242640687119284]
[3.414213562373095 0 -4.828427124746191 -6.242640687119284]
[-3.414213562373095 0 4.828427124746191 6.242640687119284]
[-3.414213562373095 0 4.828427124746191 -6.242640687119284]
[-3.414213562373095 0 -4.828427124746191 6.242640687119284]
[-3.414213562373095 0 -4.828427124746191 -6.242640687119284]
[3.414213562373095 0 6.242640687119284 4.828427124746191]
[3.414213562373095 0 6.242640687119284 -4.828427124746191]
[3.414213562373095 0 -6.242640687119284 4.828427124746191]
[3.414213562373095 0 -6.242640687119284 -4.828427124746191]
[-3.414213562373095 0 6.242640687119284 4.828427124746191]
[-3.414213562373095 0 6.242640687119284 -4.828427124746191]
[-3.414213562373095 0 -6.242640687119284 4.828427124746191]
[-3.414213562373095 0 -6.242640687119284 -4.828427124746191]
[3.414213562373095 4.828427124746191 0 6.242640687119284]
[3.414213562373095 4.828427124746191 0 -6.242640687119284]
[3.414213562373095 -4.828427124746191 0 6.242640687119284]
[3.414213562373095 -4.828427124746191 0 -6.242640687119284]
[-3.414213562373095 4.828427124746191 0 6.242640687119284]
[-3.414213562373095 4.828427124746191 0 -6.242640687119284]
[-3.414213562373095 -4.828427124746191 0 6.242640687119284]
[-3.414213562373095 -4.828427124746191 0 -6.242640687119284]
[3.414213562373095 4.828427124746191 6.242640687119284 0]
[3.414213562373095 4.828427124746191 -6.242640687119284 0]
[3.414213562373095 -4.828427124746191 6.242640687119284 0]
[3.414213562373095 -4.828427124746191 -6.242640687119284 0]
[-3.414213562373095 4.828427124746191 6.242640687119284 0]
[-3.414213562373095 4.828427124746191 -6.242640687119284 0]
[-3.414213562373095 -4.828427124746191 6.242640687119284 0]
[-3.414213562373095 -4.828427124746191 -6.242640687119284 0]
[3.414213562373095 6.242640687119284 0 4.828427124746191]
[3.414213562373095 6.242640687119284 0 -4.828427124746191]
[3.414213562373095 -6.242640687119284 0 4.828427124746191]
[3.414213562373095 -6.242640687119284 0 -4.828427124746191]
[-3.414213562373095 6.242640687119284 0 4.828427124746191]
[-3.414213562373095 6.242640687119284 0 -4.828427124746191]
[-3.414213562373095 -6.242640687119284 0 4.828427124746191]
[-3.414213562373095 -6.242640687119284 0 -4.828427124746191]
[3.414213562373095 6.242640687119284 4.828427124746191 0]
[3.414213562373095 6.242640687119284 -4.828427124746191 0]
[3.414213562373095 -6.242640687119284 4.828427124746191 0]
[3.414213562373095 -6.242640687119284 -4.828427124746191 0]
[-3.414213562373095 6.242640687119284 4.828427124746191 0]
[-3.414213562373095 6.242640687119284 -4.828427124746191 0]
[-3.414213562373095 -6.242640687119284 4.828427124746191 0]
[-3.414213562373095 -6.242640687119284 -4.828427124746191 0]
[4.828427124746191 0 3.414213562373095 6.242640687119284]
[4.828427124746191 0 3.414213562373095 -6.242640687119284]
[4.828427124746191 0 -3.414213562373095 6.242640687119284]
[4.828427124746191 0 -3.414213562373095 -6.242640687119284]
[-4.828427124746191 0 3.414213562373095 6.242640687119284]
[-4.828427124746191 0 3.414213562373095 -6.242640687119284]
[-4.828427124746191 0 -3.414213562373095 6.242640687119284]
[-4.828427124746191 0 -3.414213562373095 -6.242640687119284]
[4.828427124746191 0 6.242640687119284 3.414213562373095]
[4.828427124746191 0 6.242640687119284 -3.414213562373095]
[4.828427124746191 0 -6.242640687119284 3.414213562373095]
[4.828427124746191 0 -6.242640687119284 -3.414213562373095]
[-4.828427124746191 0 6.242640687119284 3.414213562373095]
[-4.828427124746191 0 6.242640687119284 -3.414213562373095]
[-4.828427124746191 0 -6.242640687119284 3.414213562373095]
[-4.828427124746191 0 -6.242640687119284 -3.414213562373095]
[4.828427124746191 3.414213562373095 0 6.242640687119284]
[4.828427124746191 3.414213562373095 0 -6.242640687119284]
[4.828427124746191 -3.414213562373095 0 6.242640687119284]
[4.828427124746191 -3.414213562373095 0 -6.242640687119284]
[-4.828427124746191 3.414213562373095 0 6.242640687119284]
[-4.828427124746191 3.414213562373095 0 -6.242640687119284]
[-4.828427124746191 -3.414213562373095 0 6.242640687119284]
[-4.828427124746191 -3.414213562373095 0 -6.242640687119284]
[4.828427124746191 3.414213562373095 6.242640687119284 0]
[4.828427124746191 3.414213562373095 -6.242640687119284 0]
[4.828427124746191 -3.414213562373095 6.242640687119284 0]
[4.828427124746191 -3.414213562373095 -6.242640687119284 0]
[-4.828427124746191 3.414213562373095 6.242640687119284 0]
[-4.828427124746191 3.414213562373095 -6.242640687119284 0]
[-4.828427124746191 -3.414213562373095 6.242640687119284 0]
[-4.828427124746191 -3.414213562373095 -6.242640687119284 0]
[4.828427124746191 6.242640687119284 0 3.414213562373095]
[4.828427124746191 6.242640687119284 0 -3.414213562373095]
[4.828427124746191 -6.242640687119284 0 3.414213562373095]
[4.828427124746191 -6.242640687119284 0 -3.414213562373095]
[-4.828427124746191 6.242640687119284 0 3.414213562373095]
[-4.828427124746191 6.242640687119284 0 -3.414213562373095]
[-4.828427124746191 -6.242640687119284 0 3.414213562373095]
[-4.828427124746191 -6.242640687119284 0 -3.414213562373095]
[4.828427124746191 6.242640687119284 3.414213562373095 0]
[4.828427124746191 6.242640687119284 -3.414213562373095 0]
[4.828427124746191 -6.242640687119284 3.414213562373095 0]
[4.828427124746191 -6.242640687119284 -3.414213562373095 0]
[-4.828427124746191 6.242640687119284 3.414213562373095 0]
[-4.828427124746191 6.242640687119284 -3.414213562373095 0]
[-4.828427124746191 -6.242640687119284 3.414213562373095 0]
[-4.828427124746191 -6.242640687119284 -3.414213562373095 0]
[6.242640687119284 0 3.414213562373095 4.828427124746191]
[6.242640687119284 0 3.414213562373095 -4.828427124746191]
[6.242640687119284 0 -3.414213562373095 4.828427124746191]
[6.242640687119284 0 -3.414213562373095 -4.828427124746191]
[-6.242640687119284 0 3.414213562373095 4.828427124746191]
[-6.242640687119284 0 3.414213562373095 -4.828427124746191]
[-6.242640687119284 0 -3.414213562373095 4.828427124746191]
[-6.242640687119284 0 -3.414213562373095 -4.828427124746191]
[6.242640687119284 0 4.828427124746191 3.414213562373095]
[6.242640687119284 0 4.828427124746191 -3.414213562373095]
[6.242640687119284 0 -4.828427124746191 3.414213562373095]
[6.242640687119284 0 -4.828427124746191 -3.414213562373095]
[-6.242640687119284 0 4.828427124746191 3.414213562373095]
[-6.242640687119284 0 4.828427124746191 -3.414213562373095]
[-6.242640687119284 0 -4.828427124746191 3.414213562373095]
[-6.242640687119284 0 -4.828427124746191 -3.414213562373095]
[6.242640687119284 3.414213562373095 0 4.828427124746191]
[6.242640687119284 3.414213562373095 0 -4.828427124746191]
[6.242640687119284 -3.414213562373095 0 4.828427124746191]
[6.242640687119284 -3.414213562373095 0 -4.828427124746191]
[-6.242640687119284 3.414213562373095 0 4.828427124746191]
[-6.242640687119284 3.414213562373095 0 -4.828427124746191]
[-6.242640687119284 -3.414213562373095 0 4.828427124746191]
[-6.242640687119284 -3.414213562373095 0 -4.828427124746191]
[6.242640687119284 3.414213562373095 4.828427124746191 0]
[6.242640687119284 3.414213562373095 -4.828427124746191 0]
[6.242640687119284 -3.414213562373095 4.828427124746191 0]
[6.242640687119284 -3.414213562373095 -4.828427124746191 0]
[-6.242640687119284 3.414213562373095 4.828427124746191 0]
[-6.242640687119284 3.414213562373095 -4.828427124746191 0]
[-6.242640687119284 -3.414213562373095 4.828427124746191 0]
[-6.242640687119284 -3.414213562373095 -4.828427124746191 0]
[6.242640687119284 4.828427124746191 0 3.414213562373095]
[6.242640687119284 4.828427124746191 0 -3.414213562373095]
[6.242640687119284 -4.828427124746191 0 3.414213562373095]
[6.242640687119284 -4.828427124746191 0 -3.414213562373095]
[-6.242640687119284 4.828427124746191 0 3.414213562373095]
[-6.242640687119284 4.828427124746191 0 -3.414213562373095]
[-6.242640687119284 -4.828427124746191 0 3.414213562373095]
[-6.242640687119284 -4.828427124746191 0 -3.414213562373095]
[6.242640687119284 4.828427124746191 3.414213562373095 0]
[6.242640687119284 4.828427124746191 -3.414213562373095 0]
[6.242640687119284 -4.828427124746191 3.414213562373095 0]
[6.242640687119284 -4.828427124746191 -3.414213562373095 0]
[-6.242640687119284 4.828427124746191 3.414213562373095 0]
[-6.242640687119284 4.828427124746191 -3.414213562373095 0]
[-6.242640687119284 -4.828427124746191 3.414213562373095 0]
[-6.242640687119284 -4.828427124746191 -3.414213562373095 0]
[0 3.414213562373095 4.828427124746191 6.242640687119284]
[0 3.414213562373095 4.828427124746191 -6.242640687119284]
[0 3.414213562373095 -4.828427124746191 6.242640687119284]
[0 3.414213562373095 -4.828427124746191 -6.242640687119284]
[0 -3.414213562373095 4.828427124746191 6.242640687119284]
[0 -3.414213562373095 4.828427124746191 -6.242640687119284]
[0 -3.414213562373095 -4.828427124746191 6.242640687119284]
[0 -3.414213562373095 -4.828427124746191 -6.242640687119284]
[0 3.414213562373095 6.242640687119284 4.828427124746191]
[0 3.414213562373095 6.242640687119284 -4.828427124746191]
[0 3.414213562373095 -6.242640687119284 4.828427124746191]
[0 3.414213562373095 -6.242640687119284 -4.828427124746191]
[0 -3.414213562373095 6.242640687119284 4.828427124746191]
[0 -3.414213562373095 6.242640687119284 -4.828427124746191]
[0 -3.414213562373095 -6.242640687119284 4.828427124746191]
[0 -3.414213562373095 -6.242640687119284 -4.828427124746191]
[0 4.828427124746191 3.414213562373095 6.242640687119284]
[0 4.828427124746191 3.414213562373095 -6.242640687119284]
[0 4.828427124746191 -3.414213562373095 6.242640687119284]
[0 4.828427124746191 -3.414213562373095 -6.242640687119284]
[0 -4.828427124746191 3.414213562373095 6.242640687119284]
[0 -4.828427124746191 3.414213562373095 -6.242640687119284]
[0 -4.828427124746191 -3.414213562373095 6.242640687119284]
[0 -4.828427124746191 -3.414213562373095 -6.242640687119284]
[0 4.828427124746191 6.242640687119284 3.414213562373095]
[0 4.828427124746191 6.242640687119284 -3.414213562373095]
[0 4.828427124746191 -6.242640687119284 3.414213562373095]
[0 4.828427124746191 -6.242640687119284 -3.414213562373095]
[0 -4.828427124746191 6.242640687119284 3.414213562373095]
[0 -4.828427124746191 6.242640687119284 -3.414213562373095]
[0 -4.828427124746191 -6.242640687119284 3.414213562373095]
[0 -4.828427124746191 -6.242640687119284 -3.414213562373095]
][
513 529 edge
321 513 edge
353 529 edge
321 353 edge
465 513 edge
417 433 edge
417 465 edge
433 481 edge
481 529 edge
289 497 edge
449 497 edge
193 449 edge
193 225 edge
225 465 edge
289 321 edge
497 505 edge
305 505 edge
289 305 edge
409 457 edge
401 449 edge
401 409 edge
457 505 edge
113 409 edge
113 209 edge
209 457 edge
97 193 edge
97 401 edge
1 97 edge
1 33 edge
33 129 edge
129 225 edge
17 553 edge
1 545 edge
545 553 edge
17 113 edge
385 393 edge
65 385 edge
81 393 edge
65 81 edge
553 569 edge
49 569 edge
17 49 edge
545 561 edge
33 561 edge
385 561 edge
393 569 edge
65 161 edge
129 417 edge
161 433 edge
49 145 edge
81 177 edge
145 424 edge
177 440 edge
424 440 edge
145 241 edge
209 241 edge
161 257 edge
177 273 edge
257 273 edge
241 472 edge
424 472 edge
257 481 edge
440 488 edge
273 488 edge
472 520 edge
337 520 edge
305 337 edge
520 536 edge
488 536 edge
369 536 edge
337 369 edge
353 369 edge
323 513 edge
355 529 edge
323 355 edge
321 323 edge
353 355 edge
291 499 edge
451 499 edge
195 451 edge
195 227 edge
227 465 edge
291 323 edge
499 507 edge
307 507 edge
291 307 edge
403 451 edge
411 459 edge
403 411 edge
459 507 edge
179 441 edge
179 275 edge
441 489 edge
275 489 edge
147 425 edge
147 243 edge
243 473 edge
425 473 edge
99 195 edge
99 403 edge
115 411 edge
115 211 edge
211 459 edge
3 99 edge
3 35 edge
35 131 edge
131 227 edge
83 395 edge
51 571 edge
395 571 edge
51 147 edge
83 179 edge
425 441 edge
3 547 edge
19 555 edge
547 555 edge
19 115 edge
387 395 edge
67 387 edge
67 83 edge
547 563 edge
35 563 edge
555 571 edge
19 51 edge
387 563 edge
67 163 edge
131 417 edge
163 433 edge
211 243 edge
163 259 edge
259 275 edge
259 481 edge
339 521 edge
473 521 edge
307 339 edge
521 537 edge
371 537 edge
339 371 edge
489 537 edge
355 371 edge
293 497 edge
289 293 edge
295 499 edge
291 295 edge
467 515 edge
325 515 edge
197 449 edge
197 229 edge
229 467 edge
293 325 edge
327 515 edge
199 451 edge
199 231 edge
231 467 edge
295 327 edge
325 327 edge
193 197 edge
195 199 edge
229 231 edge
225 227 edge
309 505 edge
293 309 edge
305 309 edge
311 507 edge
295 311 edge
307 311 edge
515 531 edge
419 435 edge
435 483 edge
419 467 edge
483 531 edge
357 531 edge
325 357 edge
117 409 edge
117 213 edge
213 457 edge
101 197 edge
101 401 edge
5 101 edge
5 37 edge
37 133 edge
133 229 edge
21 557 edge
5 549 edge
549 557 edge
21 117 edge
557 573 edge
53 573 edge
21 53 edge
549 565 edge
37 565 edge
389 397 edge
69 389 edge
85 397 edge
69 85 edge
389 565 edge
397 573 edge
69 165 edge
165 435 edge
133 419 edge
85 181 edge
53 149 edge
181 442 edge
149 426 edge
426 442 edge
165 261 edge
181 277 edge
261 277 edge
149 245 edge
213 245 edge
261 483 edge
277 490 edge
442 490 edge
426 474 edge
245 474 edge
373 538 edge
490 538 edge
357 373 edge
522 538 edge
341 522 edge
341 373 edge
474 522 edge
309 341 edge
359 531 edge
327 359 edge
103 199 edge
103 403 edge
119 411 edge
119 215 edge
215 459 edge
151 427 edge
151 247 edge
427 475 edge
247 475 edge
183 443 edge
183 279 edge
279 491 edge
443 491 edge
7 103 edge
7 39 edge
39 135 edge
135 231 edge
7 551 edge
23 559 edge
551 559 edge
23 119 edge
55 575 edge
87 399 edge
399 575 edge
87 183 edge
55 151 edge
427 443 edge
551 567 edge
39 567 edge
559 575 edge
23 55 edge
391 399 edge
71 391 edge
71 87 edge
391 567 edge
71 167 edge
167 435 edge
135 419 edge
167 263 edge
263 279 edge
215 247 edge
263 483 edge
375 539 edge
491 539 edge
359 375 edge
523 539 edge
343 523 edge
343 375 edge
475 523 edge
311 343 edge
357 359 edge
160 162 edge
162 432 edge
160 432 edge
162 258 edge
160 256 edge
256 258 edge
432 480 edge
258 480 edge
256 480 edge
178 179 edge
178 441 edge
178 274 edge
274 275 edge
274 489 edge
128 130 edge
130 416 edge
128 416 edge
224 226 edge
130 226 edge
128 224 edge
226 464 edge
224 464 edge
416 464 edge
146 147 edge
146 425 edge
242 243 edge
146 242 edge
242 473 edge
113 117 edge
209 213 edge
97 101 edge
99 103 edge
115 119 edge
211 215 edge
132 134 edge
134 418 edge
132 418 edge
134 230 edge
132 228 edge
228 230 edge
418 466 edge
230 466 edge
228 466 edge
150 151 edge
150 427 edge
150 246 edge
246 247 edge
246 475 edge
164 166 edge
166 434 edge
164 434 edge
260 262 edge
166 262 edge
164 260 edge
262 482 edge
260 482 edge
434 482 edge
182 183 edge
182 443 edge
278 279 edge
182 278 edge
278 491 edge
1 9 edge
5 13 edge
9 105 edge
13 109 edge
105 109 edge
3 11 edge
7 15 edge
11 107 edge
15 111 edge
107 111 edge
9 41 edge
33 41 edge
11 43 edge
35 43 edge
13 45 edge
37 45 edge
15 47 edge
39 47 edge
137 233 edge
105 201 edge
201 233 edge
41 137 edge
139 235 edge
107 203 edge
203 235 edge
43 139 edge
109 205 edge
141 237 edge
205 237 edge
45 141 edge
111 207 edge
143 239 edge
207 239 edge
47 143 edge
233 235 edge
137 139 edge
201 205 edge
203 207 edge
237 239 edge
141 143 edge
133 135 edge
129 131 edge
138 420 edge
136 420 edge
136 138 edge
170 436 edge
168 436 edge
168 170 edge
420 436 edge
42 562 edge
74 386 edge
42 138 edge
74 170 edge
386 562 edge
40 560 edge
72 384 edge
40 136 edge
72 168 edge
384 560 edge
34 42 edge
34 562 edge
32 40 edge
32 560 edge
66 74 edge
66 386 edge
64 72 edge
64 384 edge
34 130 edge
32 128 edge
66 162 edge
64 160 edge
416 432 edge
91 395 edge
83 91 edge
59 571 edge
51 59 edge
155 429 edge
187 445 edge
429 445 edge
59 155 edge
91 187 edge
154 429 edge
154 155 edge
186 445 edge
186 187 edge
58 570 edge
90 394 edge
58 154 edge
90 186 edge
394 570 edge
50 58 edge
50 570 edge
82 90 edge
82 394 edge
50 146 edge
82 178 edge
25 553 edge
17 25 edge
9 545 edge
29 557 edge
21 29 edge
13 549 edge
405 413 edge
121 413 edge
105 405 edge
25 121 edge
125 413 edge
109 405 edge
29 125 edge
121 125 edge
11 547 edge
27 555 edge
19 27 edge
15 551 edge
31 559 edge
23 31 edge
407 415 edge
107 407 edge
123 415 edge
27 123 edge
111 407 edge
127 415 edge
31 127 edge
123 127 edge
174 438 edge
172 438 edge
172 174 edge
142 422 edge
140 422 edge
140 142 edge
422 438 edge
78 390 edge
46 566 edge
78 174 edge
46 142 edge
390 566 edge
76 388 edge
44 564 edge
76 172 edge
44 140 edge
388 564 edge
70 78 edge
70 390 edge
68 76 edge
68 388 edge
38 46 edge
38 566 edge
36 44 edge
36 564 edge
70 166 edge
68 164 edge
38 134 edge
36 132 edge
418 434 edge
63 575 edge
55 63 edge
95 399 edge
87 95 edge
191 447 edge
159 431 edge
431 447 edge
95 191 edge
63 159 edge
190 447 edge
190 191 edge
158 431 edge
158 159 edge
94 398 edge
62 574 edge
94 190 edge
62 158 edge
398 574 edge
86 94 edge
86 398 edge
54 62 edge
54 574 edge
86 182 edge
54 150 edge
73 385 edge
89 393 edge
73 89 edge
65 73 edge
81 89 edge
75 387 edge
75 91 edge
67 75 edge
57 569 edge
25 57 edge
49 57 edge
41 561 edge
43 563 edge
27 59 edge
61 573 edge
29 61 edge
53 61 edge
45 565 edge
47 567 edge
31 63 edge
77 389 edge
93 397 edge
77 93 edge
69 77 edge
85 93 edge
79 391 edge
79 95 edge
71 79 edge
437 485 edge
421 469 edge
469 517 edge
517 533 edge
485 533 edge
421 437 edge
413 461 edge
405 453 edge
453 501 edge
501 509 edge
461 509 edge
265 485 edge
169 437 edge
169 265 edge
233 469 edge
137 421 edge
217 461 edge
121 217 edge
201 453 edge
297 501 edge
297 329 edge
329 517 edge
297 313 edge
313 509 edge
329 361 edge
345 377 edge
313 345 edge
361 377 edge
361 533 edge
345 524 edge
377 540 edge
524 540 edge
249 476 edge
476 524 edge
217 249 edge
281 492 edge
492 540 edge
265 281 edge
428 476 edge
153 428 edge
153 249 edge
444 492 edge
185 444 edge
185 281 edge
428 444 edge
73 169 edge
57 153 edge
89 185 edge
407 455 edge
415 463 edge
455 503 edge
503 511 edge
463 511 edge
267 485 edge
171 437 edge
171 267 edge
235 469 edge
139 421 edge
203 455 edge
219 463 edge
123 219 edge
299 503 edge
299 331 edge
331 517 edge
347 379 edge
347 525 edge
379 541 edge
525 541 edge
299 315 edge
315 511 edge
331 363 edge
315 347 edge
363 379 edge
363 533 edge
251 477 edge
477 525 edge
219 251 edge
283 493 edge
493 541 edge
267 283 edge
429 477 edge
155 251 edge
445 493 edge
187 283 edge
75 171 edge
423 471 edge
439 487 edge
471 519 edge
519 535 edge
487 535 edge
423 439 edge
221 461 edge
125 221 edge
205 453 edge
237 471 edge
141 423 edge
269 487 edge
173 439 edge
173 269 edge
301 501 edge
301 333 edge
333 519 edge
301 317 edge
317 509 edge
333 365 edge
349 381 edge
365 381 edge
317 349 edge
365 535 edge
381 542 edge
349 526 edge
526 542 edge
285 494 edge
494 542 edge
269 285 edge
253 478 edge
478 526 edge
221 253 edge
446 494 edge
189 446 edge
189 285 edge
430 478 edge
157 430 edge
157 253 edge
430 446 edge
77 173 edge
93 189 edge
61 157 edge
207 455 edge
223 463 edge
127 223 edge
239 471 edge
143 423 edge
271 487 edge
175 439 edge
175 271 edge
303 503 edge
303 335 edge
335 519 edge
303 319 edge
319 511 edge
351 383 edge
383 543 edge
351 527 edge
527 543 edge
335 367 edge
367 383 edge
319 351 edge
367 535 edge
287 495 edge
495 543 edge
271 287 edge
255 479 edge
479 527 edge
223 255 edge
447 495 edge
191 287 edge
431 479 edge
159 255 edge
79 175 edge
265 267 edge
169 171 edge
217 221 edge
219 223 edge
269 271 edge
173 175 edge
297 301 edge
299 303 edge
333 335 edge
329 331 edge
328 330 edge
360 362 edge
330 362 edge
328 360 edge
330 516 edge
328 516 edge
362 532 edge
360 532 edge
516 532 edge
346 347 edge
378 379 edge
346 378 edge
346 525 edge
378 541 edge
313 317 edge
315 319 edge
364 366 edge
332 334 edge
334 366 edge
332 364 edge
366 534 edge
364 534 edge
334 518 edge
332 518 edge
518 534 edge
382 383 edge
350 351 edge
350 382 edge
382 543 edge
350 527 edge
365 367 edge
380 381 edge
348 349 edge
348 380 edge
314 318 edge
298 302 edge
302 318 edge
298 314 edge
296 300 edge
312 316 edge
300 316 edge
296 312 edge
361 363 edge
344 345 edge
376 377 edge
344 376 edge
366 382 edge
364 380 edge
318 350 edge
314 346 edge
302 334 edge
300 332 edge
298 330 edge
296 328 edge
316 348 edge
312 344 edge
362 378 edge
360 376 edge
380 542 edge
348 526 edge
318 510 edge
314 510 edge
302 502 edge
298 502 edge
502 510 edge
300 500 edge
296 500 edge
316 508 edge
312 508 edge
500 508 edge
344 524 edge
376 540 edge
286 495 edge
286 287 edge
270 486 edge
268 486 edge
268 270 edge
284 494 edge
284 285 edge
486 534 edge
270 286 edge
268 284 edge
254 479 edge
254 255 edge
222 462 edge
218 462 edge
218 222 edge
250 477 edge
250 251 edge
462 510 edge
222 254 edge
218 250 edge
238 470 edge
236 470 edge
236 238 edge
206 454 edge
202 454 edge
202 206 edge
204 452 edge
200 452 edge
200 204 edge
234 468 edge
232 468 edge
232 234 edge
470 518 edge
454 502 edge
206 238 edge
452 500 edge
204 236 edge
468 516 edge
202 234 edge
200 232 edge
252 478 edge
252 253 edge
220 460 edge
216 460 edge
216 220 edge
248 476 edge
248 249 edge
460 508 edge
220 252 edge
216 248 edge
282 493 edge
282 283 edge
266 484 edge
264 484 edge
264 266 edge
280 492 edge
280 281 edge
484 532 edge
266 282 edge
264 280 edge
190 286 edge
438 486 edge
174 270 edge
172 268 edge
188 446 edge
188 284 edge
188 189 edge
158 254 edge
422 470 edge
142 238 edge
140 236 edge
156 430 edge
156 252 edge
156 157 edge
414 462 edge
126 414 edge
126 222 edge
122 414 edge
122 218 edge
122 126 edge
406 454 edge
110 406 edge
110 206 edge
106 406 edge
106 202 edge
106 110 edge
404 452 edge
108 404 edge
108 204 edge
104 404 edge
104 200 edge
104 108 edge
412 460 edge
124 412 edge
124 220 edge
120 412 edge
120 216 edge
120 124 edge
154 250 edge
420 468 edge
138 234 edge
136 232 edge
152 428 edge
152 248 edge
152 153 edge
186 282 edge
436 484 edge
170 266 edge
168 264 edge
184 444 edge
184 280 edge
184 185 edge
406 414 edge
78 94 edge
390 398 edge
30 558 edge
30 62 edge
558 574 edge
14 550 edge
14 46 edge
550 566 edge
30 126 edge
14 110 edge
550 558 edge
404 412 edge
92 396 edge
76 92 edge
388 396 edge
12 548 edge
12 44 edge
548 564 edge
60 572 edge
28 556 edge
28 60 edge
556 572 edge
92 188 edge
60 156 edge
396 572 edge
12 108 edge
28 124 edge
548 556 edge
26 554 edge
26 58 edge
554 570 edge
10 546 edge
10 42 edge
546 562 edge
74 90 edge
386 394 edge
26 122 edge
10 106 edge
546 554 edge
8 544 edge
8 40 edge
544 560 edge
24 552 edge
56 568 edge
24 56 edge
552 568 edge
88 392 edge
72 88 edge
384 392 edge
8 104 edge
24 120 edge
544 552 edge
56 152 edge
88 184 edge
392 568 edge
70 86 edge
84 92 edge
84 396 edge
68 84 edge
22 30 edge
22 558 edge
22 54 edge
6 14 edge
6 550 edge
6 38 edge
4 12 edge
4 548 edge
4 36 edge
52 60 edge
52 572 edge
20 28 edge
20 556 edge
20 52 edge
18 26 edge
18 554 edge
18 50 edge
2 10 edge
2 546 edge
2 34 edge
0 8 edge
0 544 edge
0 32 edge
16 24 edge
16 552 edge
48 56 edge
48 568 edge
16 48 edge
66 82 edge
80 88 edge
80 392 edge
64 80 edge
165 167 edge
180 181 edge
84 180 edge
148 149 edge
52 148 edge
180 442 edge
148 426 edge
114 118 edge
22 118 edge
18 114 edge
98 102 edge
6 102 edge
2 98 edge
118 410 edge
114 410 edge
102 402 edge
98 402 edge
402 410 edge
96 100 edge
4 100 edge
0 96 edge
112 116 edge
20 116 edge
16 112 edge
100 400 edge
96 400 edge
116 408 edge
112 408 edge
400 408 edge
161 163 edge
144 145 edge
48 144 edge
176 177 edge
80 176 edge
144 424 edge
176 440 edge
261 263 edge
276 277 edge
180 276 edge
262 278 edge
260 276 edge
118 214 edge
210 214 edge
114 210 edge
214 246 edge
210 242 edge
102 198 edge
194 198 edge
98 194 edge
100 196 edge
192 196 edge
96 192 edge
198 230 edge
196 228 edge
194 226 edge
192 224 edge
148 244 edge
244 245 edge
116 212 edge
208 212 edge
112 208 edge
240 241 edge
144 240 edge
212 244 edge
208 240 edge
257 259 edge
176 272 edge
272 273 edge
258 274 edge
256 272 edge
276 490 edge
244 474 edge
214 458 edge
410 458 edge
210 458 edge
198 450 edge
402 450 edge
194 450 edge
196 448 edge
400 448 edge
192 448 edge
212 456 edge
408 456 edge
208 456 edge
240 472 edge
272 488 edge
374 539 edge
374 375 edge
358 530 edge
356 530 edge
356 358 edge
372 538 edge
372 373 edge
482 530 edge
358 374 edge
356 372 edge
342 523 edge
342 374 edge
342 343 edge
514 530 edge
326 514 edge
326 358 edge
324 514 edge
324 356 edge
324 326 edge
340 522 edge
340 372 edge
340 341 edge
466 514 edge
310 506 edge
294 498 edge
498 506 edge
294 310 edge
458 506 edge
310 342 edge
450 498 edge
294 326 edge
292 496 edge
308 504 edge
496 504 edge
292 308 edge
448 496 edge
292 324 edge
456 504 edge
308 340 edge
306 506 edge
306 310 edge
290 498 edge
290 294 edge
290 306 edge
288 496 edge
288 292 edge
304 504 edge
304 308 edge
288 304 edge
338 521 edge
338 339 edge
306 338 edge
322 512 edge
464 512 edge
290 322 edge
320 512 edge
320 322 edge
288 320 edge
336 520 edge
304 336 edge
336 337 edge
370 537 edge
338 370 edge
370 371 edge
512 528 edge
354 528 edge
322 354 edge
480 528 edge
354 370 edge
352 528 edge
320 352 edge
352 354 edge
368 536 edge
336 368 edge
352 368 edge
368 369 edge
][
[28 27 32 41 34 31 29 43 49 40 38 46 36 50 37 25 26 23 22 30 47 54 51 56 48 57 52 12 11 55 24 13 59 58 61 63 17 14 9 66 16 3 1 70 65 71 2 69 35 44 45 20 19 18 5 6 53 60 7 62 10 21 4 64 8 68 15 0 67 33 42 39] [1 1 1 -1] face
[75 3 1 74 72 76 2 73 0] [2 1 0 -1] face
[104 103 113 123 116 114 105 121 110 108 119 125 118 111 107 98 99 101 100 106 126 95 94 129 127 91 90 80 79 128 102 81 96 130 131 93 85 82 77 134 84 74 72 137 132 139 73 136 117 124 109 88 86 87 5 6 112 97 7 92 78 89 4 133 8 138 83 0 135 115 120 122] [1 1 -1 -1] face
[156 12 11 157 80 79 147 146 152 151 159 13 81 158 148 153 141 14 9 143 82 77 149 140 154 142 75 1 72 155 145 150 10 78 4 144] [1 0 0 -1] face
[141 17 9 161 140 162 16 160 15] [2 0 1 -1] face
[143 85 77 164 142 165 84 163 83] [2 0 -1 -1] face
[179 178 183 188 185 182 180 190 201 187 194 197 192 200 193 176 177 174 173 181 199 208 203 205 198 206 202 147 146 209 175 148 214 207 210 211 161 149 140 222 160 172 145 220 219 217 171 215 191 195 196 20 19 18 167 169 204 213 168 212 10 21 144 221 170 216 15 166 218 184 189 186] [1 -1 1 -1] face
[239 238 242 255 245 243 240 253 250 246 258 260 257 249 247 225 226 228 227 241 262 231 230 263 261 235 234 152 151 265 229 153 233 264 266 236 164 154 142 274 163 224 150 272 271 269 223 267 256 259 248 88 86 87 167 169 251 232 168 237 78 89 144 273 170 268 83 166 270 244 252 254] [1 -1 -1 -1] face
[155 172 145 224 150 275 171 223 166] [2 -1 0 -1] face
[276 280 278 279 277 281 284 283 282] [1 2 0 1] face
[285 287 286 91 90 288 289 93 92] [1 2 -1 0] face
[290 295 292 294 291 293 297 296 298] [1 1 0 2] face
[299 302 300 95 94 301 303 96 97] [1 1 -2 0] face
[304 23 22 174 173 305 24 175 18] [1 0 2 -1] face
[306 25 26 176 177 156 11 146 19] [1 0 1 -2] face
[307 98 99 225 226 157 79 151 86] [1 0 -1 -2] face
[308 101 100 228 227 309 102 229 87] [1 0 -2 -1] face
[310 314 312 313 311 315 318 317 316] [1 -1 0 2] face
[319 321 320 231 230 322 323 233 232] [1 -1 -2 0] face
[324 329 326 328 325 327 331 330 332] [1 -2 0 1] face
[333 336 334 235 234 335 337 236 237] [1 -2 -1 0] face
[338 28 27 343 104 103 339 179 178 344 239 238 348 340 350 345 352 341 354 346 349 29 351 105 353 180 355 240 359 363 367 371 306 25 307 98 176 225 342 357 347 361 364 368 379 30 106 378 181 241 373 356 360 377 365 369 156 12 157 80 147 152 374 358 375 362 366 370 159 158 372 376] [0 0 0 -1] face
[399 406 400 397 405 398 394 392 389 387 403 408 404 401 407 402 395 393 390 388 290 292 291 382 381 380 276 278 277 385 384 383 396 391 409 386] [0 1 0 1] face
[428 432 429 413 110 108 425 423 417 412 430 433 431 411 111 107 426 424 418 410 299 300 94 420 419 414 285 286 90 422 421 415 427 109 112 416] [0 1 -1 0] face
[338 27 32 339 178 183 340 436 341 439 435 34 31 438 185 182 443 434 446 437 306 26 177 342 442 445 304 22 173 447 441 444 20 440 33 184] [0 0 1 -1] face
[343 103 113 344 238 242 345 448 346 451 450 116 114 453 245 243 457 449 460 452 307 99 226 347 455 458 308 100 227 461 456 459 88 454 115 244] [0 0 -1 -1] face
[485 490 486 483 489 484 477 475 472 470 481 488 482 479 487 480 476 474 471 469 310 312 311 467 466 465 324 326 325 464 463 462 478 473 491 468] [0 -1 0 1] face
[512 515 513 493 250 246 508 506 500 492 510 514 511 495 249 247 507 505 499 494 319 320 230 504 503 497 333 334 234 502 501 496 509 248 251 498] [0 -1 -1 0] face
[519 38 36 518 516 520 37 517 35] [0 2 1 -1] face
[523 119 118 522 521 411 107 410 117] [0 2 -1 -1] face
[435 41 31 525 434 526 40 524 39] [0 1 2 -1] face
[338 28 32 348 436 349 43 527 42] [0 1 1 -2] face
[343 104 113 350 448 351 121 528 120] [0 1 -1 -2] face
[450 123 114 529 449 413 108 412 122] [0 1 -2 -1] face
[438 188 182 531 437 532 187 530 186] [0 -1 2 -1] face
[339 179 183 352 439 353 190 533 189] [0 -1 1 -2] face
[344 239 242 354 451 355 253 534 252] [0 -1 -1 -2] face
[453 255 243 535 452 493 246 492 254] [0 -1 -2 -1] face
[539 194 192 538 536 540 193 537 191] [0 -2 1 -1] face
[543 258 257 542 541 495 247 494 256] [0 -2 -1 -1] face
[348 340 436 525 443 434 359 527 590 524 518 589 516 591 517 357 442 561 441 356 559 584 583 557 556 587 586 358 562 578 560 558 576 581 555 579 566 564 563 570 567 568 565 569 573 571 572 574 35 44 45 440 551 550 549 545 588 582 544 585 552 554 546 577 548 580 553 547 575 33 42 39] [-1 1 1 -1] face
[350 345 448 529 457 449 363 528 417 412 522 628 521 418 410 361 455 604 456 360 601 625 414 599 598 627 415 362 602 620 603 600 618 623 597 621 612 606 605 615 613 614 607 608 609 616 617 610 117 124 109 454 592 593 549 545 416 624 544 626 594 596 546 619 548 622 595 547 611 115 120 122] [-1 1 -1 -1] face
[352 341 439 531 446 437 367 533 671 530 538 669 536 670 537 364 445 636 444 365 639 667 666 642 641 664 663 366 637 661 635 638 659 658 640 656 646 644 643 651 647 648 645 649 654 650 652 653 191 195 196 440 551 550 634 629 668 665 630 662 552 554 631 660 633 657 553 632 655 184 189 186] [-1 -1 1 -1] face
[354 346 451 535 460 452 371 534 500 492 542 703 541 499 494 368 458 674 459 369 676 702 497 679 678 700 496 370 672 698 673 675 696 695 677 693 683 681 680 691 684 689 682 685 687 690 692 686 256 259 248 454 592 593 634 629 498 701 630 699 594 596 631 697 633 694 595 632 688 244 252 254] [-1 -1 -1 -1] face
[705 557 556 599 598 704 555 597 544] [-1 2 0 -1] face
[373 356 559 360 601 372 558 600 545] [-1 1 0 -2] face
[447 561 441 636 444 706 560 635 550] [-1 0 2 -1] face
[342 357 442 364 445 374 562 637 551] [-1 0 1 -2] face
[347 361 455 368 458 375 602 672 592] [-1 0 -1 -2] face
[461 604 456 674 459 707 603 673 593] [-1 0 -2 -1] face
[377 365 639 369 676 376 638 675 629] [-1 -1 0 -2] face
[709 642 641 679 678 708 640 677 630] [-1 -2 0 -1] face
[374 358 562 375 362 602 366 637 370 672 372 558 600 376 638 675 710 564 563 711 606 605 644 643 681 680 713 565 607 712 645 682 552 594 546 631] [-1 0 0 -1] face
[714 717 719 716 718 715 721 720 722] [-2 1 0 1] face
[723 725 726 608 609 724 727 610 611] [-2 1 -1 0] face
[710 566 563 646 643 728 567 647 553] [-2 0 1 -1] face
[711 612 605 683 680 729 613 684 595] [-2 0 -1 -1] face
[731 733 737 732 736 730 735 734 738] [-2 -1 0 1] face
[740 741 743 685 687 739 742 686 688] [-2 -1 -1 0] face
[752 755 767 710 566 564 749 751 766 711 612 606 754 765 646 644 750 764 683 681 753 769 728 570 748 763 729 615 768 651 762 691 714 717 713 568 716 614 731 733 712 648 732 689 757 759 569 723 725 608 746 747 649 740 741 685 715 771 756 571 770 616 730 761 744 650 760 690 758 724 745 739] [-1 0 0 0] face
[712 648 645 689 682 744 652 692 632] [-2 -1 0 -1] face
[746 747 773 649 654 745 772 653 655] [-2 -1 1 0] face
[749 751 777 750 776 748 775 774 778] [-2 0 -1 1] face
[752 755 780 754 779 753 782 781 783] [-2 0 1 1] face
[713 568 565 614 607 756 572 617 547] [-2 1 0 -1] face
[757 759 784 569 573 758 785 574 575] [-2 1 1 0] face
[790 795 789 708 658 640 794 788 695 677 792 791 656 787 786 693 730 761 735 744 650 652 760 734 690 692 745 772 653 739 742 686 793 633 657 694] [-1 -1 0 0] face
[800 805 799 707 620 603 804 798 698 673 802 801 618 797 796 696 748 763 775 729 615 613 762 774 691 684 723 726 609 740 743 687 803 596 619 697] [-1 0 -1 0] face
[814 825 813 811 824 810 822 812 820 809 817 816 815 808 807 806 752 767 780 749 766 777 765 779 764 776 714 719 718 731 737 736 821 819 823 818] [-1 0 0 1] face
[830 835 829 706 578 560 834 828 661 635 832 831 576 827 826 659 753 769 782 728 570 567 768 781 651 647 757 784 573 746 773 654 833 554 577 660] [-1 0 1 0] face
[840 845 839 704 581 555 844 838 623 597 842 841 579 837 836 621 715 771 721 756 571 572 770 720 616 617 758 785 574 724 727 610 843 548 580 622] [-1 1 0 0] face
[502 846 501 700 496 787 786 693 699] [-1 -2 -1 0] face
[464 849 463 848 462 790 789 788 847] [-1 -2 0 1] face
[852 851 850 664 663 792 791 656 662] [-1 -2 1 0] face
[504 853 503 702 497 797 796 696 701] [-1 -1 -2 0] face
[467 856 466 855 465 808 807 806 854] [-1 -1 0 2] face
[859 858 857 667 666 827 826 659 665] [-1 -1 2 0] face
[865 864 863 862 861 800 799 798 860] [-1 0 -2 1] face
[871 870 869 868 867 811 810 809 866] [-1 0 -1 2] face
[877 876 875 874 873 814 813 812 872] [-1 0 1 2] face
[883 882 881 880 879 830 829 828 878] [-1 0 2 1] face
[420 884 419 625 414 802 801 618 624] [-1 1 -2 0] face
[382 887 381 886 380 817 816 815 885] [-1 1 0 2] face
[890 889 888 584 583 832 831 576 582] [-1 1 2 0] face
[422 891 421 627 415 837 836 621 626] [-1 2 -1 0] face
[385 894 384 893 383 840 839 838 892] [-1 2 0 1] face
[897 896 895 587 586 842 841 579 585] [-1 2 1 0] face
[905 908 904 902 907 901 472 470 508 506 899 471 469 507 505 868 867 862 861 855 465 853 503 848 462 846 501 820 809 804 798 806 796 794 788 786 750 764 776 762 774 732 736 741 743 760 734 742 900 473 509 898 866 860 468 854 498 701 847 699 819 803 818 697 793 694 778 738 688 909 906 903] [-1 -1 -1 1] face
[915 924 914 919 925 918 477 475 922 917 912 476 474 921 911 874 873 880 879 856 466 858 857 849 463 851 850 822 812 834 828 807 826 795 789 791 754 765 779 768 781 733 737 747 773 761 735 772 913 478 923 910 872 878 468 854 668 665 847 662 821 833 818 660 793 657 783 738 655 926 916 920] [-1 -1 1 1] face
[931 936 930 928 935 927 389 387 425 423 933 390 388 426 424 870 869 864 863 886 380 884 419 893 383 891 421 824 810 805 799 815 801 844 838 836 751 766 777 763 775 716 718 725 726 770 720 727 934 391 427 898 866 860 386 885 416 624 892 626 819 803 823 619 843 622 778 722 611 937 932 929] [-1 1 -1 1] face
[939 948 938 943 949 941 394 392 951 942 946 395 393 952 945 876 875 882 881 887 381 889 888 894 384 896 895 825 813 835 829 816 831 845 839 841 755 767 780 769 782 717 719 759 784 771 721 785 947 396 953 910 872 878 386 885 588 582 892 585 821 833 823 577 843 580 783 722 575 950 940 944] [-1 1 1 1] face
[479 954 480 899 469 510 511 505 900] [0 -2 -1 1] face
[481 957 482 912 474 955 956 911 913] [0 -2 1 1] face
[958 960 959 902 901 512 513 506 903] [0 -1 -2 1] face
[961 963 962 905 904 483 484 470 906] [0 -1 -1 2] face
[964 966 965 915 914 485 486 475 916] [0 -1 1 2] face
[969 971 970 919 918 967 968 917 920] [0 -1 2 1] face
[972 974 973 928 927 428 429 423 929] [0 1 -2 1] face
[975 977 976 931 930 397 398 387 932] [0 1 -1 2] face
[978 980 979 939 938 399 400 392 940] [0 1 1 2] face
[981 985 982 943 941 983 984 942 944] [0 1 2 1] face
[401 986 402 933 388 430 431 424 934] [0 2 -1 1] face
[403 989 404 946 393 987 988 945 947] [0 2 1 1] face
[353 180 190 355 240 253 367 533 371 534 539 197 192 543 260 257 669 536 703 541 378 199 262 377 639 676 990 198 261 709 641 678 195 259 167 634] [0 -1 0 -1] face
[967 994 968 532 201 187 922 917 671 530 955 992 956 540 200 193 921 911 670 537 993 996 203 859 857 666 991 995 202 852 850 663 923 196 204 668] [0 -1 1 0] face
[975 1002 976 961 1001 962 936 930 908 904 972 999 973 958 998 959 935 927 907 901 1000 1006 1005 871 869 867 997 1004 1003 865 863 861 1007 898 937 909] [0 0 -1 1] face
[978 1010 979 964 1009 965 948 938 924 914 981 1013 982 969 1012 970 949 941 925 918 1008 1015 1014 877 875 873 1011 1017 1016 883 881 879 1018 910 950 926] [0 0 1 1] face
[349 29 43 351 105 121 359 527 363 528 519 46 36 523 125 118 589 516 628 521 379 47 126 373 559 601 1019 48 127 705 556 598 44 124 5 549] [0 1 0 -1] face
[983 1021 984 526 49 40 951 942 590 524 987 1023 988 520 50 37 952 945 591 517 1020 1024 51 890 888 583 1022 1025 52 897 895 586 953 45 53 588] [0 1 1 0] face
[481 957 488 539 194 197 479 954 487 543 258 260 912 476 538 669 899 471 542 703 955 992 540 200 510 514 495 249 921 670 507 499 324 329 990 205 328 263 464 849 709 642 848 679 991 1028 206 333 336 235 852 851 664 502 846 700 327 1030 1026 207 1029 264 790 795 708 658 794 695 1027 335 792 787] [0 -1 0 0] face
[972 974 999 450 123 116 958 960 998 453 255 245 928 935 529 457 902 907 535 460 428 432 413 110 512 515 493 250 425 417 508 500 997 1033 308 101 1031 228 865 864 461 604 862 674 299 302 95 319 321 231 420 884 625 504 853 702 1032 1035 309 128 1034 265 800 805 707 620 804 698 301 322 802 797] [0 0 -1 0] face
[978 980 1010 975 977 1002 964 966 1009 961 963 1001 939 948 931 936 915 924 905 908 399 406 397 405 485 490 483 489 394 389 477 472 1008 1041 1000 1038 1039 1036 877 876 871 870 874 868 290 295 294 310 314 313 382 887 886 467 856 855 1040 1045 1037 1044 1043 1042 814 825 811 824 822 820 293 315 817 808] [0 0 0 1] face
[981 985 1013 435 41 34 969 971 1012 438 188 185 943 949 525 443 919 925 531 446 983 1021 526 49 967 994 532 201 951 590 922 671 1011 1050 304 23 1048 174 883 882 447 561 880 636 1020 1052 54 993 1046 208 890 889 584 859 858 667 1049 1054 305 55 1053 209 830 835 706 578 834 661 1051 1047 832 827] [0 0 1 0] face
[403 989 408 519 38 46 401 986 407 523 119 125 946 395 518 589 933 390 522 628 987 1023 520 50 430 433 411 111 952 591 426 418 276 280 1019 56 279 129 385 894 705 557 893 599 1022 1056 57 285 287 91 897 896 587 422 891 627 281 1059 1055 58 1058 130 840 845 704 581 844 623 1057 288 842 837] [0 1 0 0] face
[990 205 198 263 261 1026 210 266 168] [1 -2 0 -1] face
[991 1028 995 206 202 1027 1060 211 212] [1 -2 1 0] face
[378 181 199 241 262 158 148 153 169] [1 -1 0 -2] face
[993 1046 996 208 203 1047 1061 214 213] [1 -1 2 0] face
[997 1033 1004 1031 1003 1032 1064 1062 1063] [1 0 -2 1] face
[1000 1038 1006 1036 1005 1037 1067 1065 1066] [1 0 -1 2] face
[1008 1041 1015 1039 1014 1040 1070 1068 1069] [1 0 1 2] face
[1011 1050 1017 1048 1016 1049 1073 1071 1072] [1 0 2 1] face
[379 30 47 106 126 159 13 81 6] [1 1 0 -2] face
[1020 1052 1024 54 51 1051 1074 59 60] [1 1 2 0] face
[1019 56 48 129 127 1055 61 131 7] [1 2 0 -1] face
[1022 1056 1025 57 52 1057 1075 63 62] [1 2 1 0] face
[327 1030 331 1026 207 210 1029 330 264 266 1027 1060 211 335 337 236 1080 1085 1079 275 217 171 1084 1078 269 223 1082 1081 215 1077 1076 267 1083 170 216 268] [1 -1 0 0] face
[1088 1087 1086 272 271 1077 1076 267 270] [2 -1 -1 0] face
[1094 1093 1092 1091 1090 1080 1079 1078 1089] [2 -1 0 1] face
[1097 1096 1095 220 219 1082 1081 215 218] [2 -1 1 0] face
[963 1001 962 960 998 959 489 484 515 513 954 487 480 514 511 1036 1005 1031 1003 313 311 321 320 328 325 336 334 1042 1065 1034 1062 317 323 1029 330 337 1102 1106 1100 1104 1099 1091 1090 1087 1086 1084 1078 1076 900 473 509 1007 1066 1063 491 316 251 232 332 237 1105 1103 1098 273 1083 268 1101 1089 270 909 906 903] [1 -1 -1 1] face
[966 1009 965 971 1012 970 490 486 994 968 957 488 482 992 956 1039 1014 1048 1016 314 312 1046 996 329 326 1028 995 1043 1068 1053 1071 318 1061 1030 331 1060 1110 1112 1107 1114 1108 1093 1092 1096 1095 1085 1079 1081 913 478 923 1018 1069 1072 491 316 204 213 332 212 1111 1113 1098 221 1083 216 1109 1089 218 926 916 920] [1 -1 1 1] face
[1118 1119 1117 1102 1100 1116 1115 1099 1101] [2 0 -1 1] face
[1121 1124 1120 1110 1107 1123 1122 1108 1109] [2 0 1 1] face
[1032 1035 1064 309 128 102 1034 1062 265 229 301 303 96 322 323 233 1116 1127 1115 165 134 84 1104 1099 274 163 1126 1125 132 1088 1086 271 1103 89 133 273] [1 0 -1 0] face
[1040 1045 1070 1037 1044 1067 1043 1068 1042 1065 293 297 296 315 318 317 1121 1133 1120 1118 1130 1117 1112 1107 1106 1100 1132 1131 1128 1094 1092 1090 1111 1105 1129 1098] [1 0 0 1] face
[1049 1054 1073 305 55 24 1053 1071 209 175 1051 1074 59 1047 1061 214 1123 1135 1122 162 66 16 1114 1108 222 160 1136 1134 65 1097 1095 219 1113 21 64 221] [1 0 1 0] face
[1126 1138 1125 137 132 1139 1137 136 135] [2 1 -1 0] face
[977 1002 976 974 999 973 405 398 432 429 986 407 402 433 431 1038 1006 1033 1004 294 291 302 300 279 277 287 286 1044 1067 1035 1064 296 303 1058 283 289 1119 1130 1117 1127 1115 1142 1128 1138 1125 1144 1141 1137 934 391 427 1007 1066 1063 409 298 112 97 282 92 1105 1103 1129 133 1143 138 1101 1140 135 937 932 929] [1 1 -1 1] face
[1132 1146 1131 1142 1128 1147 1145 1141 1140] [2 1 0 1] face
[980 1010 979 985 1013 982 406 400 1021 984 989 408 404 1023 988 1041 1015 1050 1017 295 292 1052 1024 280 278 1056 1025 1045 1070 1054 1073 297 1074 1059 284 1075 1124 1133 1120 1135 1122 1146 1131 1149 1134 1150 1145 1148 947 396 953 1018 1069 1072 409 298 53 60 282 62 1111 1113 1129 64 1143 68 1109 1140 67 950 940 944] [1 1 1 1] face
[1136 1149 1134 70 65 1151 1148 69 67] [2 1 1 0] face
[281 1059 284 1055 58 61 1058 283 130 131 1057 1075 63 288 289 93 1147 1150 1145 76 71 2 1144 1141 139 73 1151 1148 69 1139 1137 136 1143 8 68 138] [1 1 0 0] face
[1121 1124 1133 141 17 14 1118 1119 1130 143 85 82 1110 1112 161 149 1102 1106 164 154 1123 1135 162 66 1116 1127 165 134 1114 222 1104 274 1132 1146 75 3 1142 74 1094 1093 155 172 1091 224 1136 1149 70 1126 1138 137 1097 1096 220 1088 1087 272 1147 1150 76 71 1144 139 1080 1085 275 217 1084 269 1151 1139 1082 1077] [1 0 0 0] face
]
shape [0.5 0.5 0.5 0.5] translate [0.5 0.5 0.5 0.5] aligncenter "cantitruncated-24cell" def

