[
[1 1 2.414213562373095 2.414213562373095]
[1 1 2.414213562373095 -2.414213562373095]
[1 1 -2.414213562373095 2.414213562373095]
[1 1 -2.414213562373095 -2.414213562373095]
[1 -1 2.414213562373095 2.414213562373095]
[1 -1 2.414213562373095 -2.414213562373095]
[1 -1 -2.414213562373095 2.414213562373095]
[1 -1 -2.414213562373095 -2.414213562373095]
[-1 1 2.414213562373095 2.414213562373095]
[-1 1 2.414213562373095 -2.414213562373095]
[-1 1 -2.414213562373095 2.414213562373095]
[-1 1 -2.414213562373095 -2.414213562373095]
[-1 -1 2.414213562373095 2.414213562373095]
[-1 -1 2.414213562373095 -2.414213562373095]
[-1 -1 -2.414213562373095 2.414213562373095]
[-1 -1 -2.414213562373095 -2.414213562373095]
[1 2.414213562373095 1 2.414213562373095]
[1 2.414213562373095 1 -2.414213562373095]
[1 2.414213562373095 -1 2.414213562373095]
[1 2.414213562373095 -1 -2.414213562373095]
[1 -2.414213562373095 1 2.414213562373095]
[1 -2.414213562373095 1 -2.414213562373095]
[1 -2.414213562373095 -1 2.414213562373095]
[1 -2.414213562373095 -1 -2.414213562373095]
[-1 2.414213562373095 1 2.414213562373095]
[-1 2.414213562373095 1 -2.414213562373095]
[-1 2.414213562373095 -1 2.414213562373095]
[-1 2.414213562373095 -1 -2.414213562373095]
[-1 -2.414213562373095 1 2.414213562373095]
[-1 -2.414213562373095 1 -2.414213562373095]
[-1 -2.414213562373095 -1 2.414213562373095]
[-1 -2.414213562373095 -1 -2.414213562373095]
[1 2.414213562373095 2.414213562373095 1]
[1 2.414213562373095 2.414213562373095 -1]
[1 2.414213562373095 -2.414213562373095 1]
[1 2.414213562373095 -2.414213562373095 -1]
[1 -2.414213562373095 2.414213562373095 1]
[1 -2.414213562373095 2.414213562373095 -1]
[1 -2.414213562373095 -2.414213562373095 1]
[1 -2.414213562373095 -2.414213562373095 -1]
[-1 2.414213562373095 2.414213562373095 1]
[-1 2.414213562373095 2.414213562373095 -1]
[-1 2.414213562373095 -2.414213562373095 1]
[-1 2.414213562373095 -2.414213562373095 -1]
[-1 -2.414213562373095 2.414213562373095 1]
[-1 -2.414213562373095 2.414213562373095 -1]
[-1 -2.414213562373095 -2.414213562373095 1]
[-1 -2.414213562373095 -2.414213562373095 -1]
[2.414213562373095 1 1 2.414213562373095]
[2.414213562373095 1 1 -2.414213562373095]
[2.414213562373095 1 -1 2.414213562373095]
[2.414213562373095 1 -1 -2.414213562373095]
[2.414213562373095 -1 1 2.414213562373095]
[2.414213562373095 -1 1 -2.414213562373095]
[2.414213562373095 -1 -1 2.414213562373095]
[2.414213562373095 -1 -1 -2.414213562373095]
[-2.414213562373095 1 1 2.414213562373095]
[-2.414213562373095 1 1 -2.414213562373095]
[-2.414213562373095 1 -1 2.414213562373095]
[-2.414213562373095 1 -1 -2.414213562373095]
[-2.414213562373095 -1 1 2.414213562373095]
[-2.414213562373095 -1 1 -2.414213562373095]
[-2.414213562373095 -1 -1 2.414213562373095]
[-2.414213562373095 -1 -1 -2.414213562373095]
[2.414213562373095 1 2.414213562373095 1]
[2.414213562373095 1 2.414213562373095 -1]
[2.414213562373095 1 -2.414213562373095 1]
[2.414213562373095 1 -2.414213562373095 -1]
[2.414213562373095 -1 2.414213562373095 1]
[2.414213562373095 -1 2.414213562373095 -1]
[2.414213562373095 -1 -2.414213562373095 1]
[2.414213562373095 -1 -2.414213562373095 -1]
[-2.414213562373095 1 2.414213562373095 1]
[-2.414213562373095 1 2.414213562373095 -1]
[-2.414213562373095 1 -2.414213562373095 1]
[-2.414213562373095 1 -2.414213562373095 -1]
[-2.414213562373095 -1 2.414213562373095 1]
[-2.414213562373095 -1 2.414213562373095 -1]
[-2.414213562373095 -1 -2.414213562373095 1]
[-2.414213562373095 -1 -2.414213562373095 -1]
[2.414213562373095 2.414213562373095 1 1]
[2.414213562373095 2.414213562373095 1 -1]
[2.414213562373095 2.414213562373095 -1 1]
[2.414213562373095 2.414213562373095 -1 -1]
[2.414213562373095 -2.414213562373095 1 1]
[2.414213562373095 -2.414213562373095 1 -1]
[2.414213562373095 -2.414213562373095 -1 1]
[2.414213562373095 -2.414213562373095 -1 -1]
[-2.414213562373095 2.414213562373095 1 1]
[-2.414213562373095 2.414213562373095 1 -1]
[-2.414213562373095 2.414213562373095 -1 1]
[-2.414213562373095 2.414213562373095 -1 -1]
[-2.414213562373095 -2.414213562373095 1 1]
[-2.414213562373095 -2.414213562373095 1 -1]
[-2.414213562373095 -2.414213562373095 -1 1]
[-2.414213562373095 -2.414213562373095 -1 -1]
][
17 49 edge
17 81 edge
49 81 edge
1 49 edge
1 65 edge
49 65 edge
1 17 edge
1 33 edge
17 33 edge
33 65 edge
33 81 edge
65 81 edge
19 51 edge
19 83 edge
51 83 edge
17 19 edge
49 51 edge
81 83 edge
3 51 edge
3 19 edge
3 67 edge
51 67 edge
3 35 edge
19 35 edge
35 67 edge
35 83 edge
67 83 edge
5 53 edge
1 5 edge
49 53 edge
5 69 edge
53 69 edge
65 69 edge
7 55 edge
3 7 edge
51 55 edge
21 53 edge
5 21 edge
23 55 edge
21 23 edge
53 55 edge
7 23 edge
9 25 edge
1 9 edge
17 25 edge
11 27 edge
3 11 edge
19 27 edge
13 29 edge
21 29 edge
5 13 edge
15 31 edge
23 31 edge
7 15 edge
25 57 edge
9 57 edge
27 59 edge
57 59 edge
25 27 edge
11 59 edge
13 61 edge
57 61 edge
9 13 edge
15 63 edge
59 63 edge
11 15 edge
29 61 edge
31 63 edge
61 63 edge
29 31 edge
7 71 edge
55 71 edge
67 71 edge
21 85 edge
53 85 edge
21 37 edge
5 37 edge
37 85 edge
37 69 edge
69 85 edge
23 87 edge
55 87 edge
85 87 edge
23 39 edge
7 39 edge
39 87 edge
39 71 edge
71 87 edge
9 41 edge
25 41 edge
33 41 edge
11 43 edge
27 43 edge
35 43 edge
29 45 edge
13 45 edge
37 45 edge
31 47 edge
15 47 edge
39 47 edge
57 89 edge
25 89 edge
57 73 edge
9 73 edge
73 89 edge
41 73 edge
41 89 edge
59 91 edge
27 91 edge
89 91 edge
59 75 edge
11 75 edge
75 91 edge
43 75 edge
43 91 edge
61 77 edge
13 77 edge
73 77 edge
63 79 edge
15 79 edge
75 79 edge
61 93 edge
29 93 edge
77 93 edge
45 93 edge
45 77 edge
63 95 edge
31 95 edge
79 95 edge
47 95 edge
47 79 edge
93 95 edge
78 94 edge
94 95 edge
78 79 edge
62 94 edge
60 92 edge
92 94 edge
60 62 edge
76 92 edge
92 93 edge
76 77 edge
62 78 edge
60 76 edge
58 74 edge
74 78 edge
58 62 edge
56 72 edge
56 60 edge
72 76 edge
74 90 edge
74 75 edge
90 91 edge
58 90 edge
56 88 edge
56 58 edge
88 90 edge
72 88 edge
72 73 edge
88 89 edge
46 94 edge
46 78 edge
46 47 edge
30 94 edge
30 62 edge
28 92 edge
28 60 edge
28 30 edge
44 92 edge
44 76 edge
44 45 edge
14 78 edge
14 62 edge
30 46 edge
14 46 edge
14 30 edge
12 60 edge
12 76 edge
28 44 edge
12 28 edge
12 44 edge
10 74 edge
10 58 edge
10 14 edge
8 56 edge
8 72 edge
8 12 edge
42 74 edge
42 90 edge
42 43 edge
26 58 edge
26 90 edge
10 42 edge
10 26 edge
26 42 edge
24 56 edge
24 88 edge
24 26 edge
40 72 edge
40 88 edge
8 24 edge
8 40 edge
24 40 edge
40 41 edge
22 38 edge
38 46 edge
22 30 edge
6 38 edge
6 22 edge
6 14 edge
20 36 edge
20 28 edge
36 44 edge
4 20 edge
4 36 edge
4 12 edge
2 10 edge
2 34 edge
34 42 edge
2 18 edge
18 26 edge
18 34 edge
0 8 edge
0 16 edge
16 24 edge
0 32 edge
32 40 edge
16 32 edge
38 86 edge
38 39 edge
86 87 edge
22 86 edge
20 84 edge
20 22 edge
84 86 edge
36 84 edge
36 37 edge
84 85 edge
38 70 edge
70 86 edge
70 71 edge
22 54 edge
54 86 edge
6 70 edge
6 54 edge
54 70 edge
20 52 edge
52 84 edge
52 54 edge
36 68 edge
68 84 edge
4 52 edge
4 68 edge
52 68 edge
68 69 edge
2 6 edge
2 66 edge
66 70 edge
34 66 edge
34 35 edge
66 67 edge
2 50 edge
50 54 edge
50 66 edge
0 4 edge
0 48 edge
48 52 edge
18 50 edge
16 48 edge
16 18 edge
48 50 edge
0 64 edge
64 68 edge
48 64 edge
32 64 edge
32 33 edge
64 65 edge
34 82 edge
66 82 edge
18 82 edge
50 82 edge
82 83 edge
16 80 edge
48 80 edge
80 82 edge
32 80 edge
64 80 edge
80 81 edge
][
[6 7 3 4 8 0 1 9 10 5 2 11] [1 1 1 -1] face
[15 0 1 12 13 16 2 14 17] [1 1 0 -1] face
[19 22 18 20 23 12 13 24 25 21 14 26] [1 1 -1 -1] face
[28 3 4 27 30 29 5 31 32] [1 0 1 -1] face
[28 43 6 3 34 46 19 18 50 37 27 53 41 33 62 42 55 65 45 59 48 60 51 63 15 44 0 47 12 39 49 36 52 38 58 54 56 69 66 67 16 29 35 40 57 61 64 68] [0 0 0 -1] face
[34 18 20 33 70 35 21 71 72] [1 0 -1 -1] face
[37 76 27 30 75 36 73 78 77 31 74 79] [1 -1 1 -1] face
[39 36 73 38 80 40 74 81 82] [1 -1 0 -1] face
[41 84 33 70 83 38 80 86 85 71 81 87] [1 -1 -1 -1] face
[43 6 7 42 88 44 8 89 90] [0 1 1 -1] face
[46 19 22 45 91 47 23 92 93] [0 1 -1 -1] face
[50 37 76 48 95 49 75 94 96] [0 -1 1 -1] face
[53 41 84 51 98 52 83 97 99] [0 -1 -1 -1] face
[42 88 55 103 89 54 101 105 106 102 100 104] [-1 1 1 -1] face
[58 54 101 56 108 57 100 107 109] [-1 1 0 -1] face
[45 91 59 111 92 56 108 113 114 110 107 112] [-1 1 -1 -1] face
[62 55 103 60 116 61 102 115 117] [-1 0 1 -1] face
[65 59 111 63 119 64 110 118 120] [-1 0 -1 -1] face
[48 95 60 116 94 66 122 125 124 115 121 123] [-1 -1 1 -1] face
[51 98 63 119 97 67 127 130 129 118 126 128] [-1 -1 -1 -1] face
[69 66 122 67 127 68 121 126 131] [-1 -1 0 -1] face
[155 148 147 154 57 61 102 100 146 144 153 64 110 107 138 143 136 68 115 121 142 135 118 126 158 149 157 117 104 151 145 150 120 112 141 139 123 134 132 128 159 156 109 152 140 137 131 133] [-1 0 0 0] face
[162 161 160 130 129 134 132 128 133] [-1 -1 -1 0] face
[167 166 165 164 163 138 136 135 137] [-1 -1 0 1] face
[170 169 168 125 124 141 139 123 140] [-1 -1 1 0] face
[175 174 172 171 173 164 163 161 160 142 135 132] [-1 -1 -1 1] face
[179 180 176 177 178 166 165 169 168 143 136 139] [-1 -1 1 1] face
[183 182 181 172 171 146 144 142 145] [-1 0 -1 1] face
[186 184 185 176 177 148 147 143 149] [-1 0 1 1] face
[189 187 188 113 114 151 150 112 152] [-1 1 -1 0] face
[193 192 182 181 194 190 191 187 188 144 153 150] [-1 1 -1 1] face
[197 195 196 190 191 155 154 153 156] [-1 1 0 1] face
[200 201 184 185 202 195 196 198 199 147 154 157] [-1 1 1 1] face
[203 198 199 105 106 158 157 104 159] [-1 1 1 0] face
[209 208 207 175 174 206 204 173 205] [0 -1 -1 1] face
[215 213 214 179 180 211 210 178 212] [0 -1 1 1] face
[216 219 217 193 192 220 221 194 218] [0 1 -1 1] face
[222 223 225 200 201 224 227 202 226] [0 1 1 1] face
[233 211 210 232 39 49 75 73 206 204 231 52 83 80 167 178 165 69 94 122 173 163 97 127 236 212 235 96 77 229 205 228 99 85 170 168 124 162 160 129 237 234 82 230 140 137 131 133] [0 -1 0 0] face
[229 238 228 86 85 240 239 87 230] [1 -1 -1 0] face
[208 207 244 243 204 241 231 238 228 245 242 239] [1 -1 -1 1] face
[233 246 232 241 231 248 247 242 234] [1 -1 0 1] face
[213 214 251 252 210 246 232 249 235 253 247 250] [1 -1 1 1] face
[236 249 235 78 77 254 250 79 237] [1 -1 1 0] face
[255 216 217 256 34 46 22 20 209 207 243 53 84 70 183 192 181 65 91 111 174 171 98 119 259 218 258 93 24 229 205 238 99 86 189 187 113 162 161 130 260 257 72 240 151 145 120 134] [0 0 -1 0] face
[255 261 256 244 243 262 263 245 257] [1 0 -1 1] face
[264 222 223 265 255 216 219 261 215 213 251 209 208 244 186 200 184 183 193 182 179 176 175 172 269 224 268 220 267 233 211 246 206 241 197 195 190 167 166 164 270 266 262 248 155 148 146 138] [0 0 0 1] face
[264 265 271 251 252 266 273 253 272] [1 0 1 1] face
[264 222 225 271 28 43 7 4 215 214 252 50 76 30 186 201 185 62 88 103 180 177 95 116 275 226 274 90 9 236 212 249 96 78 203 198 105 170 169 125 276 272 32 254 158 149 117 141] [0 0 1 0] face
[219 217 261 256 221 267 279 258 277 263 280 278] [1 1 -1 1] face
[259 258 277 24 25 260 278 26 281] [1 1 -1 0] face
[269 268 282 267 279 270 283 280 284] [1 1 0 1] face
[223 225 265 271 227 268 282 274 285 273 283 286] [1 1 1 1] face
[275 274 285 9 10 276 286 11 287] [1 1 1 0] face
[269 224 227 282 15 44 8 1 220 221 279 47 23 13 197 202 196 58 89 101 194 191 92 108 275 226 285 90 10 259 218 277 93 25 203 199 106 189 188 114 287 284 17 281 159 156 109 152] [0 1 0 0] face
[270 266 273 283 16 29 5 2 262 263 280 35 21 14 248 253 247 40 31 74 245 242 71 81 276 272 286 32 11 260 257 278 72 26 254 250 79 240 239 87 287 284 17 281 237 234 82 230] [1 0 0 0] face
]
shape [0.5 0.5 0.5 0.5] translate [0.5 0.5 0.5 0.5] aligncenter "cantellated-tesseract" def

