[
[-0.8090169943749473 0 -0.5 0.30901699437494745]
[-0.8090169943749473 0 0.5 0.30901699437494745]
[-0.8090169943749473 0.30901699437494745 0 0.5]
[-0.8090169943749473 0.5 0.30901699437494745 0]
[-0.5 -0.8090169943749473 0 0.30901699437494745]
[-0.5 -0.5 -0.5 0.5]
[-0.5 -0.5 0.5 0.5]
[-0.5 -0.30901699437494745 0.8090169943749473 0]
[-0.5 0 -0.30901699437494745 0.8090169943749473]
[-0.5 0 0.30901699437494745 0.8090169943749473]
[-0.5 0.30901699437494745 0.8090169943749473 0]
[-0.5 0.5 -0.5 0.5]
[-0.5 0.5 0.5 0.5]
[-0.5 0.8090169943749473 0 0.30901699437494745]
[-0.30901699437494745 -0.8090169943749473 0.5 0]
[-0.30901699437494745 0 -0.8090169943749473 0.5]
[-0.30901699437494745 0 0.8090169943749473 0.5]
[-0.30901699437494745 0.5 0 0.8090169943749473]
[0 -0.8090169943749473 -0.30901699437494745 0.5]
[0 -0.8090169943749473 0.30901699437494745 0.5]
[0 -0.5 -0.8090169943749473 0.30901699437494745]
[0 -0.5 0.8090169943749473 0.30901699437494745]
[0 -0.30901699437494745 -0.5 0.8090169943749473]
[0 -0.30901699437494745 0.5 0.8090169943749473]
[0 0 0 1]
[0 0.30901699437494745 -0.5 0.8090169943749473]
[0 0.30901699437494745 0.5 0.8090169943749473]
[0.30901699437494745 -0.5 0 -0.8090169943749473]
[0.30901699437494745 0 -0.8090169943749473 0.5]
[0.30901699437494745 0 0.8090169943749473 0.5]
[0.30901699437494745 0.8090169943749473 -0.5 0]
[0.5 -0.8090169943749473 0 -0.30901699437494745]
[0.5 -0.5 -0.5 -0.5]
[0.5 -0.5 0.5 -0.5]
[0.5 -0.30901699437494745 -0.8090169943749473 0]
[0.5 0 -0.30901699437494745 -0.8090169943749473]
[0.5 0 0.30901699437494745 -0.8090169943749473]
[0.5 0.30901699437494745 -0.8090169943749473 0]
[0.5 0.5 -0.5 -0.5]
[0.5 0.5 0.5 -0.5]
[0.5 0.8090169943749473 0 -0.30901699437494745]
[0.8090169943749473 -0.5 -0.30901699437494745 0]
[0.8090169943749473 -0.30901699437494745 0 -0.5]
[0.8090169943749473 0 -0.5 -0.30901699437494745]
[0.8090169943749473 0 0.5 -0.30901699437494745]
[0.8090169943749473 0.5 -0.30901699437494745 0]
[0.8090169943749473 0.5 0.30901699437494745 0]
[0.8090169943749473 0.30901699437494745 0 0.5]
[0.8090169943749473 0 0.5 0.30901699437494745]
[0.8090169943749473 0 -0.5 0.30901699437494745]
[0.8090169943749473 -0.5 0.30901699437494745 0]
[0.5 0.8090169943749473 0 0.30901699437494745]
[0.5 0.5 0.5 0.5]
[0.5 0.5 -0.5 0.5]
[0.5 0.30901699437494745 0.8090169943749473 0]
[0.5 0 0.30901699437494745 0.8090169943749473]
[0.5 0 -0.30901699437494745 0.8090169943749473]
[0.5 -0.30901699437494745 0.8090169943749473 0]
[0.5 -0.5 0.5 0.5]
[0.5 -0.5 -0.5 0.5]
[0.5 -0.8090169943749473 0 0.30901699437494745]
[0.30901699437494745 0.8090169943749473 0.5 0]
[0.30901699437494745 0.5 0 0.8090169943749473]
[0.30901699437494745 0 0.8090169943749473 -0.5]
[0.30901699437494745 0 -0.8090169943749473 -0.5]
[0.30901699437494745 -0.8090169943749473 0.5 0]
[0.30901699437494745 -0.8090169943749473 -0.5 0]
[0 1 0 0]
[0 0.8090169943749473 0.30901699437494745 -0.5]
[0 0.8090169943749473 -0.30901699437494745 -0.5]
[0 0.5 0.8090169943749473 -0.30901699437494745]
[0 0.5 -0.8090169943749473 -0.30901699437494745]
[0 0.30901699437494745 0.5 -0.8090169943749473]
[0 0.30901699437494745 -0.5 -0.8090169943749473]
[0 0 0 -1]
[0 -0.30901699437494745 0.5 -0.8090169943749473]
[0 -0.30901699437494745 -0.5 -0.8090169943749473]
[0 -1 0 0]
[-0.30901699437494745 0.8090169943749473 0.5 0]
[-0.30901699437494745 0.8090169943749473 -0.5 0]
[-0.30901699437494745 0 0.8090169943749473 -0.5]
[-0.30901699437494745 0 -0.8090169943749473 -0.5]
[-0.30901699437494745 -0.5 0 -0.8090169943749473]
[-0.30901699437494745 -0.8090169943749473 -0.5 0]
[-0.5 0.8090169943749473 0 -0.30901699437494745]
[-0.5 0.5 0.5 -0.5]
[-0.5 0.5 -0.5 -0.5]
[-0.5 0.30901699437494745 -0.8090169943749473 0]
[-0.5 0 0.30901699437494745 -0.8090169943749473]
[-0.5 0 -0.30901699437494745 -0.8090169943749473]
[-0.5 -0.30901699437494745 -0.8090169943749473 0]
[-0.5 -0.5 0.5 -0.5]
[-0.5 -0.5 -0.5 -0.5]
[-0.5 -0.8090169943749473 0 -0.30901699437494745]
[-0.8090169943749473 0.5 -0.30901699437494745 0]
[-0.8090169943749473 0 0.5 -0.30901699437494745]
[-0.8090169943749473 0 -0.5 -0.30901699437494745]
[-0.8090169943749473 -0.30901699437494745 0 -0.5]
[-0.8090169943749473 -0.5 0.30901699437494745 0]
[-0.8090169943749473 -0.5 -0.30901699437494745 0]
][
45 53 edge
47 53 edge
45 47 edge
45 49 edge
49 53 edge
47 49 edge
45 51 edge
51 53 edge
47 51 edge
37 45 edge
37 49 edge
37 43 edge
43 45 edge
43 49 edge
37 53 edge
38 45 edge
37 38 edge
38 43 edge
30 45 edge
30 51 edge
30 53 edge
30 40 edge
40 45 edge
40 51 edge
30 38 edge
38 40 edge
30 37 edge
48 57 edge
44 57 edge
44 48 edge
50 57 edge
48 50 edge
44 50 edge
48 54 edge
54 57 edge
44 54 edge
48 58 edge
57 58 edge
50 58 edge
29 48 edge
29 52 edge
48 52 edge
29 54 edge
52 54 edge
29 55 edge
48 55 edge
52 55 edge
29 57 edge
29 58 edge
55 58 edge
34 49 edge
34 43 edge
34 41 edge
41 49 edge
41 43 edge
34 37 edge
49 59 edge
34 59 edge
41 59 edge
28 49 edge
28 53 edge
28 37 edge
28 56 edge
49 56 edge
53 56 edge
28 34 edge
28 59 edge
56 59 edge
31 42 edge
31 50 edge
42 50 edge
31 41 edge
41 42 edge
41 50 edge
33 42 edge
31 33 edge
33 50 edge
32 42 edge
31 32 edge
32 41 edge
27 42 edge
27 36 edge
36 42 edge
27 35 edge
35 42 edge
35 36 edge
27 33 edge
33 36 edge
27 32 edge
32 35 edge
27 31 edge
41 66 edge
34 66 edge
32 66 edge
32 34 edge
59 66 edge
60 66 edge
41 60 edge
59 60 edge
31 66 edge
31 60 edge
40 68 edge
39 68 edge
39 40 edge
40 69 edge
38 69 edge
68 69 edge
39 72 edge
36 72 edge
36 39 edge
68 72 edge
38 73 edge
35 73 edge
35 38 edge
69 73 edge
36 74 edge
35 74 edge
72 74 edge
73 74 edge
61 68 edge
40 61 edge
39 61 edge
30 69 edge
40 67 edge
67 68 edge
61 67 edge
67 69 edge
30 67 edge
39 70 edge
54 70 edge
39 54 edge
61 70 edge
54 61 edge
39 63 edge
63 70 edge
54 63 edge
63 72 edge
36 63 edge
68 70 edge
70 72 edge
38 71 edge
37 71 edge
30 71 edge
38 64 edge
64 71 edge
37 64 edge
64 73 edge
35 64 edge
69 71 edge
71 73 edge
20 34 edge
81 90 edge
20 90 edge
64 81 edge
34 64 edge
20 28 edge
15 28 edge
15 20 edge
15 87 edge
15 90 edge
87 90 edge
81 87 edge
71 87 edge
71 81 edge
27 74 edge
36 75 edge
33 75 edge
63 75 edge
33 63 edge
27 75 edge
72 75 edge
74 75 edge
35 76 edge
32 76 edge
64 76 edge
32 64 edge
27 76 edge
73 76 edge
74 76 edge
20 66 edge
66 83 edge
83 92 edge
76 92 edge
20 83 edge
83 90 edge
90 92 edge
81 92 edge
76 81 edge
20 59 edge
27 82 edge
77 93 edge
82 93 edge
31 77 edge
75 82 edge
14 77 edge
14 93 edge
82 91 edge
91 93 edge
14 91 edge
75 91 edge
14 65 edge
65 77 edge
31 65 edge
33 65 edge
76 82 edge
77 83 edge
66 77 edge
83 93 edge
82 92 edge
92 93 edge
69 79 edge
30 79 edge
67 79 edge
71 79 edge
16 23 edge
23 29 edge
16 29 edge
23 26 edge
16 26 edge
26 29 edge
21 23 edge
16 21 edge
21 29 edge
15 22 edge
22 28 edge
22 25 edge
15 25 edge
25 28 edge
20 22 edge
74 82 edge
18 83 edge
18 66 edge
18 20 edge
18 77 edge
68 85 edge
72 85 edge
84 85 edge
68 84 edge
84 86 edge
88 89 edge
86 89 edge
85 88 edge
74 89 edge
74 88 edge
73 89 edge
73 86 edge
72 88 edge
69 86 edge
69 84 edge
70 85 edge
78 85 edge
68 78 edge
70 78 edge
78 84 edge
80 85 edge
70 80 edge
72 80 edge
10 85 edge
10 70 edge
10 78 edge
10 80 edge
9 26 edge
9 24 edge
24 26 edge
9 23 edge
23 24 edge
9 17 edge
17 26 edge
17 24 edge
9 16 edge
9 12 edge
12 26 edge
12 17 edge
12 16 edge
8 25 edge
8 24 edge
24 25 edge
8 22 edge
22 24 edge
8 17 edge
17 25 edge
8 15 edge
8 11 edge
11 25 edge
11 17 edge
11 15 edge
8 9 edge
6 23 edge
6 19 edge
19 23 edge
6 9 edge
5 22 edge
5 18 edge
18 22 edge
5 8 edge
4 19 edge
4 18 edge
18 19 edge
4 6 edge
4 5 edge
6 21 edge
19 21 edge
6 16 edge
5 20 edge
5 15 edge
6 14 edge
14 21 edge
14 19 edge
6 7 edge
7 21 edge
7 16 edge
7 14 edge
4 77 edge
19 77 edge
4 14 edge
4 93 edge
4 83 edge
79 94 edge
13 94 edge
13 79 edge
84 94 edge
79 84 edge
13 84 edge
11 94 edge
11 79 edge
11 13 edge
86 94 edge
79 86 edge
87 94 edge
79 87 edge
11 87 edge
86 87 edge
1 16 edge
1 12 edge
1 10 edge
10 16 edge
10 12 edge
1 9 edge
1 7 edge
7 10 edge
1 6 edge
0 15 edge
0 11 edge
0 87 edge
0 8 edge
0 90 edge
0 5 edge
5 90 edge
82 97 edge
88 97 edge
82 88 edge
89 97 edge
82 89 edge
91 97 edge
88 91 edge
92 97 edge
89 92 edge
93 97 edge
83 99 edge
90 99 edge
5 99 edge
5 83 edge
92 99 edge
4 99 edge
93 99 edge
3 95 edge
85 95 edge
3 85 edge
94 96 edge
86 96 edge
95 97 edge
88 95 edge
96 97 edge
89 96 edge
3 94 edge
3 84 edge
10 95 edge
3 10 edge
87 96 edge
0 96 edge
90 96 edge
0 94 edge
91 95 edge
92 96 edge
0 99 edge
96 99 edge
97 98 edge
91 98 edge
95 98 edge
93 98 edge
97 99 edge
98 99 edge
1 98 edge
1 95 edge
0 2 edge
1 2 edge
1 3 edge
2 94 edge
2 3 edge
4 98 edge
7 98 edge
7 95 edge
7 91 edge
6 98 edge
2 8 edge
2 9 edge
2 11 edge
2 12 edge
3 12 edge
2 13 edge
3 13 edge
12 13 edge
14 98 edge
81 96 edge
81 89 edge
81 86 edge
80 95 edge
80 91 edge
7 80 edge
80 88 edge
2 17 edge
13 17 edge
3 78 edge
12 78 edge
13 78 edge
76 89 edge
75 88 edge
75 80 edge
73 81 edge
71 86 edge
67 84 edge
13 67 edge
67 78 edge
19 65 edge
21 65 edge
63 80 edge
24 62 edge
17 62 edge
25 62 edge
26 62 edge
61 78 edge
60 77 edge
18 60 edge
19 60 edge
60 65 edge
18 59 edge
22 59 edge
21 58 edge
19 58 edge
23 58 edge
58 65 edge
58 60 edge
21 57 edge
57 65 edge
57 63 edge
33 57 edge
25 56 edge
22 56 edge
24 56 edge
56 62 edge
26 55 edge
23 55 edge
24 55 edge
55 62 edge
55 56 edge
25 53 edge
53 62 edge
26 52 edge
52 62 edge
52 61 edge
51 67 edge
51 61 edge
51 62 edge
51 52 edge
50 65 edge
50 60 edge
43 64 edge
32 43 edge
35 43 edge
42 43 edge
44 63 edge
33 44 edge
36 44 edge
39 44 edge
42 44 edge
47 62 edge
47 56 edge
47 55 edge
47 52 edge
47 48 edge
46 61 edge
46 54 edge
39 46 edge
46 52 edge
40 46 edge
46 51 edge
44 46 edge
46 48 edge
46 47 edge
45 46 edge
][
[2 3 0 5 1 4] [2.236067977499708 1 -1 1] face
[2 6 0 8 1 7] [3.236067977499801 2.618033988749955 -1 1.6180339887498991] face
[11 9 10 12 13 3] [3.618033988749688 1 -2.6180339887497595 0] face
[9 10 14 3 0 4] [3.2360679774998045 1.618033988749931 -2.6180339887498874 1] face
[16 11 9 17 15 12] [3.2360679774997703 1.6180339887499342 -2.6180339887498882 -1] face
[18 19 20 6 0 7] [2.618033988749908 3.2360679774998533 -1.6180339887499053 1] face
[21 18 19 22 23 6] [2.6180339887498727 3.6180339887498887 -1 0] face
[24 21 18 25 15 22] [2.618033988749967 3.2360679774999257 -1.6180339887499355 -1] face
[26 18 20 9 14 0] [4.2360679774998236 4.236067977499907 -4.236067977499804 1] face
[26 24 18 16 9 15] [4.236067977499792 4.236067977499896 -4.2360679774997765 -1] face
[29 32 28 31 27 30] [3.618033988750031 -1 2.6180339887500246 0] face
[29 35 28 33 27 34] [1 0 1 0] face
[31 27 36 30 38 37] [3.2360679774997507 -1.6180339887498365 2.6180339887498723 1] face
[39 40 42 41 33 43] [2.618033988749922 1 3.236067977499875 1.6180339887499446] face
[39 40 44 41 45 46] [4.236067977499789 1 4.236067977499856 4.236067977499805] face
[39 42 47 33 27 34] [2.6180339887497794 0 3.6180339887497865 1] face
[39 44 48 45 36 49] [4.236067977500001 -1 4.236067977500078 4.23606797750003] face
[39 47 48 27 36 37] [2.618033988749949 -1 3.2360679774999013 1.618033988749951] face
[52 51 50 54 53 13] [3.6180339887499517 -1 -2.618033988749928 0] face
[55 51 50 11 10 13] [1 0 -1 0] face
[52 50 57 53 58 56] [3.2360679774997605 -1.6180339887498492 -2.618033988749857 1] face
[61 59 60 10 14 4] [2.618033988749964 1 -3.2360679774998795 1.6180339887499569] face
[59 60 62 4 63 64] [4.236067977499837 1 -4.236067977499856 4.236067977499844] face
[65 61 59 55 50 10] [2.6180339887498096 0 -3.618033988749784 1] face
[59 62 66 63 56 67] [4.236067977499893 -1 -4.236067977499925 4.236067977499904] face
[65 59 66 50 57 56] [2.6180339887499247 -1 -3.2360679774998404 1.6180339887499287] face
[71 68 69 72 73 70] [3.6180339887497053 -2.6180339887498363 0 -1] face
[75 68 69 74 76 70] [3.236067977499828 -2.6180339887499544 1 -1.6180339887499224] face
[78 71 68 79 77 72] [3.236067977499824 -2.6180339887499517 -1 -1.6180339887499202] face
[83 81 80 85 84 82] [2.618033988749886 -1 0 -3.6180339887498856] face
[86 81 80 87 74 82] [2.618033988749882 -1.6180339887498916 1 -3.236067977499776] face
[88 83 80 89 77 84] [2.618033988749905 -1.6180339887499005 -1 -3.236067977499807] face
[90 86 80 75 68 74] [4.236067977499792 -4.236067977499794 1 -4.236067977499802] face
[90 88 80 78 68 77] [4.236067977499792 -4.236067977499794 -1 -4.236067977499803] face
[94 79 93 52 92 91] [4.236067977499649 -4.2360679774997 -4.236067977499565 -1] face
[52 57 92 58 91 95] [4.236067977499983 -4.236067977500016 -4.236067977499934 1] face
[58 97 91 98 95 96] [2.6180339887499695 -3.236067977499896 -1.6180339887499198 1] face
[78 71 99 79 93 91] [2.618033988749859 -3.236067977499766 -1.618033988749837 -1] face
[71 100 99 97 91 96] [2.6180339887500494 -3.6180339887501445 -1 0] face
[85 113 112 116 109 108 115 25 105 111 103 102 107 101 104 106 110 114 117 118] [1 1.6180339887499535 0 -2.6180339887499695] face
[103 121 102 120 101 119] [1 2.2360679774999346 1 -1] face
[24 21 122 25 105 104] [1 2.2360679774999315 -1 -1] face
[120 123 101 125 119 124] [1 4.236067977500025 1 -1] face
[21 127 122 123 104 126] [1 4.236067977500021 -1 -1] face
[123 101 104 124 126 106] [1 6.854101966250116 0 -2.6180339887500166] face
[130 121 128 132 129 131] [1.6180339887497317 2.6180339887498194 3.2360679774996686 -1] face
[130 133 128 135 129 134] [1 1 2.236067977499927 -1] face
[109 137 108 133 107 136] [1.6180339887497646 1 2.6180339887498523 -3.236067977499718] face
[121 102 128 119 131 138] [1 3.2360679774999834 2.6180339887500494 -1.6180339887500037] face
[133 128 107 134 136 139] [1 1.6180339887500086 3.2360679774999745 -2.6180339887500526] face
[102 128 107 138 110 139] [1 4.236067977500185 4.23606797750017 -4.2360679775001735] face
[26 24 142 16 141 140] [1.6180339887497897 2.618033988749865 -3.2360679774997143 -1] face
[16 145 141 143 140 144] [1 1 -2.236067977499883 -1] face
[113 147 112 143 111 146] [1.6180339887498065 1 -2.6180339887498643 -3.236067977499763] face
[24 122 142 105 140 148] [1 3.2360679774999466 -2.6180339887500033 -1.618033988749974] face
[143 140 111 144 146 149] [1 1.6180339887499797 -3.2360679774999275 -2.6180339887500192] face
[105 140 111 148 114 149] [1 4.236067977500124 -4.236067977500089 -4.236067977500114] face
[157 156 158 159 155 150 152 65 61 55 154 145 141 144 153 163 162 161 151 160] [0 0 -1.2360679774997898 0] face
[83 81 164 85 116 115] [2.6180339887498834 -1 0 -6.854101966249772] face
[87 168 166 137 165 167] [1.618033988749861 -1 2.618033988749963 -3.23606797749982] face
[86 81 169 87 166 165] [1 -1 1 -2.23606797749986] face
[137 108 165 136 167 170] [1 0 2.6180339887500117 -3.6180339887500197] face
[81 164 169 115 165 171] [1 -1 1 -4.236067977499848] face
[108 115 165 117 170 171] [1 0 2.61803398875009 -6.85410196625003] face
[89 175 173 147 172 174] [1.618033988749873 -1 -2.6180339887499526 -3.2360679774998395] face
[88 83 176 89 173 172] [1 -1 -1 -2.236067977499854] face
[147 112 172 146 174 177] [1 0 -2.6180339887499846 -3.618033988750004] face
[83 164 176 116 172 178] [1 -1 -1 -4.236067977499829] face
[112 116 172 118 177 178] [1 0 -2.6180339887500446 -6.854101966249953] face
[150 179 183 152 94 175 93 173 154 92 174 153 180 187 182 151 186 184 181 185] [0 -1.618033988749894 -2.6180339887498927 -1] face
[155 150 188 65 66 57] [1 -1 -2.2360679774997947 1] face
[150 188 179 57 92 95] [1.6180339887499002 -2.618033988749907 -3.236067977499806 1] face
[200 194 198 195 90 86 169 189 75 202 192 203 166 201 193 199 190 196 191 197] [0 -2.618033988749894 1 -1.6180339887498947] face
[90 88 176 189 78 99 192 93 173 206 180 204 182 205 190 208 191 181 207 209] [0 -2.618033988749896 -1 -1.6180339887498953] face
[127 122 211 126 212 210] [0 6.854101966249695 -2.618033988749893 -1] face
[122 142 211 148 210 213] [0 3.6180339887498896 -2.6180339887498913 -1] face
[214 218 216 217 215 219] [0 0 1 1] face
[221 214 216 220 222 215] [0 -1 3.6180339887498945 2.6180339887498945] face
[223 226 156 225 224 227] [0 0 -1 1] face
[157 223 156 228 155 224] [0 -1 -3.618033988749893 2.618033988749896] face
[164 169 189 171 229 193] [0 -2.618033988749896 1 -6.854101966249428] face
[164 176 189 178 229 204] [0 -2.6180339887498927 -1 -6.854101966249422] face
[232 231 230 179 183 180] [0 -3.6180339887498953 -2.618033988749896 1] face
[231 233 230 206 180 205] [0 -6.854101966248895 -2.618033988749897 1] face
[106 110 237 234 114 248 247 117 235 246 118 245 244 243 242 236 238 241 240 239] [-1 1.618033988749834 0 -2.6180339887497976] face
[138 110 234 139 249 235] [-1 4.236067977499794 4.236067977499792 -4.236067977499792] face
[138 251 234 252 249 250] [-1 3.236067977499794 2.618033988749898 -1.6180339887498978] face
[251 237 234 253 250 236] [-1 2.2360679774997925 1 -1] face
[139 255 249 256 235 254] [-1 1.6180339887498927 3.236067977499787 -2.618033988749892] face
[258 259 257 252 249 250] [-1.6180339887498991 2.618033988749897 3.2360679774997956 -1] face
[258 260 257 255 249 254] [-1 1 2.2360679774997867 -1] face
[264 262 261 265 217 263] [-1 0 2.618033988749902 6.854101966249706] face
[266 262 261 268 267 263] [-1 1 1 4.236067977499719] face
[269 264 261 214 218 217] [-1 0 2.6180339887499016 3.618033988749902] face
[270 266 261 272 271 267] [-1 1 1 2.236067977499789] face
[270 269 261 273 271 218] [-1.6180339887498933 1 2.6180339887498945 3.236067977499787] face
[277 275 274 278 225 276] [-1 0 -2.618033988749896 6.854101966249681] face
[279 275 274 268 280 276] [-1 1 -1 4.236067977499715] face
[281 277 274 223 226 225] [-1 0 -2.618033988749897 3.618033988749898] face
[282 279 274 284 283 280] [-1 1 -1 2.2360679774997907] face
[282 281 274 285 283 226] [-1.6180339887498927 1 -2.618033988749892 3.236067977499783] face
[299 298 296 295 294 292 291 290 288 287 286 277 275 264 262 297 293 289 278 265] [-1 -1.6180339887498953 0 2.618033988749894] face
[286 279 275 266 262 268] [-2.6180339887498927 1 0 6.85410196624948] face
[288 300 287 301 289 220] [-1 -4.236067977499789 4.236067977499788 4.236067977499788] face
[302 300 287 221 214 220] [-1 -1.618033988749896 3.236067977499792 2.618033988749896] face
[290 302 287 269 264 214] [-1.6180339887498927 -1 2.618033988749896 3.236067977499788] face
[292 303 291 232 293 228] [-1 -4.236067977499792 -4.236067977499792 4.236067977499792] face
[304 303 291 157 223 228] [-1 -1.6180339887498973 -3.236067977499792 2.618033988749898] face
[294 304 291 281 277 223] [-1.6180339887498927 -1 -2.6180339887498927 3.236067977499787] face
[305 288 300 307 306 301] [-1 -3.2360679774997854 2.6180339887498913 1.618033988749892] face
[308 302 300 310 309 221] [-1 -1 2.2360679774997907 1] face
[308 305 300 311 309 306] [-1.6180339887498953 -2.6180339887498945 3.2360679774997907 1] face
[296 295 312 297 233 313] [-1 -6.8541019662483995 0 2.618033988749628] face
[314 295 312 307 194 313] [-1 -4.236067977499261 1 1] face
[298 314 295 305 288 307] [-1 -2.236067977499788 1 1] face
[314 312 315 194 195 190] [-2.618033988749896 -6.854101966248837 1 0] face
[312 316 315 205 190 207] [-2.618033988749896 -6.854101966248833 -1 0] face
[319 322 318 321 317 320] [-2.618033988749904 3.6180339887499104 -1 0] face
[325 324 323 319 318 317] [-2.6180339887498913 3.2360679774997867 -1.6180339887498927 1] face
[321 327 317 238 320 326] [-2.618033988749877 3.2360679774997707 -1.6180339887498845 -1] face
[324 330 323 329 317 328] [-4.236067977499785 4.236067977499785 -4.236067977499796 1] face
[327 329 317 331 326 328] [-4.236067977499764 4.236067977499764 -4.2360679774997685 -1] face
[334 333 332 336 335 273] [-2.618033988749882 1 3.2360679774997814 1.6180339887498865] face
[337 333 332 270 269 273] [-4.2360679774997685 1 4.2360679774997765 4.2360679774997765] face
[338 334 332 339 310 335] [-2.6180339887498945 0 3.618033988749904 1] face
[340 337 332 290 302 269] [-4.23606797749978 -1 4.236067977499788 4.236067977499788] face
[340 338 332 308 302 310] [-2.6180339887498887 -1 3.236067977499787 1.618033988749892] face
[342 341 343 285 330 158] [-2.618033988749874 1 -3.2360679774997734 1.6180339887498825] face
[344 342 341 282 281 285] [-4.236067977499755 1 -4.236067977499764 4.2360679774997685] face
[341 343 345 158 159 160] [-2.6180339887499002 0 -3.6180339887499104 1] face
[346 344 341 294 304 281] [-4.2360679774997765 -1 -4.236067977499781 4.236067977499784] face
[346 341 345 304 347 159] [-2.618033988749886 -1 -3.236067977499784 1.61803398874989] face
[350 352 348 239 349 351] [-2.6180339887498985 -1 0 -3.6180339887499] face
[350 196 348 354 349 353] [-2.6180339887498927 -1.6180339887498927 1 -3.236067977499787] face
[352 208 348 356 351 355] [-2.618033988749892 -1.6180339887498916 -1 -3.2360679774997854] face
[196 191 348 197 353 357] [-4.236067977499788 -4.236067977499785 1 -4.236067977499785] face
[208 191 348 209 355 357] [-4.236067977499787 -4.236067977499785 -1 -4.236067977499784] face
[361 347 360 184 358 359] [-4.236067977499792 -4.236067977499792 -4.236067977499792 1] face
[184 181 358 185 359 362] [-4.236067977499785 -4.236067977499784 -4.236067977499785 -1] face
[299 316 363 361 360 358] [-2.618033988749896 -3.2360679774997894 -1.6180339887498953 1] face
[181 207 358 209 362 364] [-2.6180339887498945 -3.2360679774997894 -1.6180339887498947 -1] face
[316 315 363 207 358 364] [-2.6180339887498945 -3.618033988749893 -1 0] face
[375 367 374 365 236 238 320 241 366 240 326 369 239 371 349 373 351 368 370 372] [-2.618033988749896 1 0 -1.6180339887498956] face
[377 367 365 257 376 366] [-3.236067977499791 1.6180339887498973 2.618033988749897 -1] face
[331 326 369 328 378 368] [-3.2360679774997867 1.6180339887498947 -2.6180339887498927 -1] face
[343 345 379 160 378 380] [-1 0 -1 0] face
[343 381 379 328 378 368] [-3.6180339887498882 1 -2.6180339887498905 0] face
[354 371 349 382 353 370] [-3.236067977499787 -1 1.6180339887498936 -2.618033988749894] face
[356 373 351 383 355 372] [-3.236067977499788 -1 -1.6180339887498947 -2.618033988749894] face
[346 345 384 347 360 359] [-3.2360679774997907 -1.6180339887498956 -2.618033988749896 1] face
[185 380 359 383 362 385] [-3.236067977499788 -1.618033988749894 -2.618033988749893 -1] face
[345 379 384 380 359 385] [-3.6180339887498945 -1 -2.6180339887498945 0] face
[382 353 387 370 388 386] [-2.2360679774997885 -1 1 -1] face
[197 353 387 357 389 386] [-3.2360679774997894 -2.618033988749894 1 -1.6180339887498947] face
[209 355 362 357 364 390] [-3.2360679774997894 -2.6180339887498945 -1 -1.6180339887498947] face
[383 355 362 372 385 390] [-2.2360679774997894 -1 -1 -1] face
[394 381 379 384 395 396 393 392 398 397 374 365 368 370 388 372 385 386 390 391] [-1.2360679774997898 0 0 0] face
[357 389 364 386 390 391] [-3.618033988749896 -2.618033988749896 0 -1] face
[315 399 363 389 364 391] [-1 -1 0 0] face
[338 393 392 401 400 388] [-3.6180339887498913 -1 2.618033988749893 0] face
[402 401 400 382 387 388] [-3.236067977499788 -1.6180339887498953 2.6180339887498945 -1] face
[340 338 392 308 403 400] [-3.2360679774997894 -1.6180339887498956 2.618033988749896 1] face
[394 346 344 384 395 340 337 392 404 405 299 298 399 363 294 360 290 403 286 391] [-2.6180339887498945 -1 0 1.618033988749894] face
[396 334 393 377 365 376] [-3.6180339887498874 1 2.6180339887498905 0] face
[338 334 393 339 401 376] [-1 0 1 0] face
[394 342 381 406 397 323] [-2.236067977499781 1 -1 1] face
[394 344 342 404 406 282] [-3.236067977499777 1 -1.618033988749894 2.6180339887498927] face
[342 343 381 330 323 328] [-3.2360679774997894 1.6180339887499016 -2.618033988749902 1] face
[395 396 333 398 407 408] [-2.236067977499783 1 1 1] face
[395 337 333 405 407 270] [-3.2360679774997827 1 1.6180339887498947 2.6180339887498945] face
[396 334 333 377 408 336] [-3.2360679774997982 1.618033988749903 2.618033988749908 1] face
[398 409 397 410 374 318] [-3.618033988749905 2.618033988749904 0 1] face
[406 409 397 325 323 318] [-3.2360679774997756 2.6180339887498887 -1 1.618033988749888] face
[398 407 409 408 410 411] [-3.23606797749978 2.618033988749892 1 1.6180339887498894] face
[410 375 374 322 318 320] [-1 1 0 0] face
[314 315 399 195 412 389] [-2.6180339887498945 -3.618033988749893 1 0] face
[198 195 412 197 387 389] [-2.6180339887498945 -3.236067977499788 1.6180339887498947 -1] face
[298 314 399 305 403 412] [-2.618033988749896 -3.236067977499788 1.6180339887498947 1] face
[311 402 400 198 412 387] [-4.236067977499788 -4.236067977499785 4.236067977499787 -1] face
[308 305 403 311 400 412] [-4.236067977499789 -4.236067977499788 4.236067977499789 1] face
[151 186 413 185 380 383] [-2.6180339887498927 -1 -3.2360679774997854 -1.6180339887498927] face
[414 186 413 356 373 383] [-4.236067977499784 -1 -4.236067977499784 -4.236067977499784] face
[161 151 413 160 378 380] [-2.618033988749896 0 -3.618033988749896 -1] face
[415 161 413 331 369 378] [-2.618033988749894 1 -3.2360679774997894 -1.6180339887498953] face
[415 414 413 240 369 373] [-4.236067977499797 1 -4.236067977499796 -4.236067977499796] face
[418 402 401 417 416 382] [-2.6180339887498913 -1 3.2360679774997867 -1.6180339887498933] face
[419 417 416 354 371 382] [-4.236067977499784 -1 4.236067977499785 -4.236067977499785] face
[339 418 401 260 376 416] [-2.6180339887498945 0 3.618033988749898 -1] face
[260 257 376 254 416 366] [-2.61803398874989 1 3.2360679774997867 -1.6180339887498916] face
[254 419 416 241 366 371] [-4.236067977499784 1 4.236067977499784 -4.236067977499785] face
[404 405 420 286 279 266] [-2.618033988749892 1 0 3.618033988749897] face
[404 406 420 282 279 284] [-2.618033988749882 1.6180339887498907 -1 3.2360679774997814] face
[405 407 420 270 266 272] [-2.618033988749886 1.6180339887498927 1 3.2360679774997867] face
[406 409 420 325 284 421] [-4.2360679774997685 4.236067977499779 -1 4.2360679774997765] face
[407 409 420 411 272 421] [-4.2360679774997765 4.236067977499785 1 4.236067977499784] face
[377 422 367 259 257 250] [-4.236067977499796 4.236067977499792 4.236067977499799 -1] face
[377 408 422 336 259 423] [-4.236067977499802 4.236067977499799 4.2360679774998085 1] face
[422 375 367 253 250 236] [-2.6180339887498985 3.236067977499792 1.6180339887499022 -1] face
[408 410 422 411 423 424] [-2.618033988749897 3.236067977499792 1.6180339887498996 1] face
[410 422 375 424 322 253] [-2.618033988749892 3.6180339887498887 1 0] face
[299 296 316 292 361 230] [-1 -2.2360679774997907 -1 1] face
[296 312 316 233 230 205] [-1 -4.236067977499263 -1 1] face
[303 361 347 183 152 184] [-1.618033988749894 -2.6180339887498945 -3.236067977499791 1] face
[304 303 347 157 159 152] [-1 -1 -2.2360679774997907 1] face
[292 303 361 232 230 183] [-1 -3.236067977499791 -2.618033988749897 1.6180339887498956] face
[204 425 182 352 208 356] [-1 -1 -1 -2.2360679774997885] face
[187 425 182 414 186 356] [-1.618033988749894 -1 -2.618033988749892 -3.2360679774997867] face
[193 426 199 350 196 354] [-1 -1 1 -2.236067977499788] face
[427 426 199 419 417 354] [-1.618033988749896 -1 2.6180339887498945 -3.2360679774997894] face
[229 243 242 350 352 239] [-2.6180339887499002 -1 0 -6.854101966249431] face
[178 229 242 204 425 352] [-1 -1 -1 -4.2360679774996255] face
[171 229 243 193 426 350] [-1 -1 1 -4.2360679774996255] face
[428 245 244 415 414 240] [-1.6180339887498927 1 -2.6180339887498945 -3.236067977499792] face
[177 428 244 187 425 414] [-1 0 -2.6180339887498985 -3.618033988749902] face
[118 177 244 178 242 425] [-1 0 -2.618033988749893 -6.854101966249521] face
[256 235 246 254 419 241] [-1.618033988749892 1 2.618033988749893 -3.2360679774997894] face
[170 256 246 427 426 419] [-1 0 2.618033988749897 -3.618033988749898] face
[117 170 246 171 243 426] [-1 0 2.6180339887498945 -6.8541019662495275] face
[163 429 162 415 161 331] [-1 1 -2.236067977499789 -1] face
[213 429 162 327 329 331] [-1.6180339887498916 2.618033988749886 -3.2360679774997814 -1] face
[149 163 429 428 245 415] [-1 1.6180339887498985 -3.2360679774997956 -2.6180339887498985] face
[210 248 247 321 327 238] [-1 2.2360679774997854 -1 -1] face
[148 210 247 213 429 327] [-1 3.2360679774997814 -2.6180339887498887 -1.618033988749894] face
[148 114 247 149 429 245] [-1 4.236067977499787 -4.236067977499784 -4.236067977499787] face
[431 319 322 212 430 321] [-2.61803398874992 6.854101966249738 -1 0] face
[431 424 322 432 430 253] [-2.6180339887498927 6.854101966249686 1 0] face
[126 212 430 210 248 321] [-1 4.236067977499779 -1 -1] face
[124 432 430 251 237 253] [-1 4.236067977499792 1 -1] face
[124 126 430 106 237 248] [-1 6.854101966249477 0 -2.6180339887497683] face
[307 200 194 433 313 201] [0 -6.854101966248893 2.618033988749898 1] face
[307 306 200 301 433 434] [0 -3.618033988749898 2.618033988749897 1] face
[146 174 153 177 428 187] [0 0 -1 -1] face
[144 146 153 149 163 428] [0 1 -3.618033988749893 -2.6180339887498927] face
[136 167 435 170 256 427] [0 0 1 -1] face
[134 136 435 139 255 256] [0 1 3.618033988749897 -2.618033988749896] face
[268 280 437 276 436 438] [0 2.6180339887498887 -1 6.854101966249549] face
[268 267 437 263 436 439] [0 2.6180339887498913 1 6.854101966249554] face
[119 131 440 138 251 252] [0 3.6180339887498887 2.6180339887498927 -1] face
[125 119 440 124 432 251] [0 6.854101966249695 2.618033988749897 -1] face
[297 442 233 443 313 441] [1 -6.854101966248386 0 2.6180339887496173] face
[442 231 233 96 441 206] [1 -4.236067977499172 -1 1] face
[443 433 313 444 441 201] [1 -4.236067977499168 1 1] face
[100 202 192 444 441 201] [2.6180339887495934 -6.854101966248072 1 0] face
[100 99 192 96 441 206] [2.6180339887501933 -6.85410196624964 -1 0] face
[232 293 445 228 188 446] [1 -4.236067977499761 -4.2360679774997765 4.236067977499769] face
[232 445 231 188 179 95] [1 -3.2360679774997734 -2.6180339887498882 1.6180339887498851] face
[228 155 188 224 446 66] [1 -1.6180339887498791 -3.2360679774997814 2.618033988749885] face
[445 442 231 98 95 96] [1 -2.236067977499736 -1 1] face
[301 289 448 220 447 449] [1 -4.236067977499848 4.236067977499879 4.236067977499856] face
[301 448 433 447 434 450] [1 -3.236067977499816 2.618033988749934 1.61803398874991] face
[220 222 447 215 449 48] [1 -1.6180339887499038 3.2360679774998284 2.618033988749916] face
[448 443 433 451 450 444] [1 -2.2360679774998093 1 1] face
[452 447 434 37 453 450] [1.6180339887498791 -2.6180339887499082 3.236067977499822 1] face
[222 452 447 47 48 37] [1 -1 2.236067977499832 1] face
[311 309 418 402 306 200 198 452 434 455 168 203 166 454 453 167 435 427 199 417] [0 -1.6180339887498947 2.6180339887498945 -1] face
[278 225 457 276 458 456] [1 0 -2.618033988749928 6.854101966249774] face
[225 224 457 227 456 62] [1 0 -2.6180339887499167 3.6180339887499287] face
[276 458 436 456 438 459] [1 1 -1 4.236067977499781] face
[224 457 446 62 66 67] [1.6180339887499153 -1 -2.6180339887499464 3.2360679774998493] face
[265 217 461 263 462 460] [1 0 2.618033988749977 6.854101966249866] face
[217 215 461 219 460 44] [1 0 2.6180339887499446 3.6180339887499766] face
[263 462 436 460 439 463] [1 1 1 4.2360679774998236] face
[215 461 449 44 48 49] [1.618033988749908 -1 2.6180339887499717 3.236067977499893] face
[462 458 436 464 463 459] [2.6180339887497808 1 0 6.85410196624948] face
[297 293 445 442 289 448 443 278 457 446 265 461 449 462 458 464 49 67 451 98] [1 -1.618033988749875 0 2.618033988749883] face
[339 310 309 418 335 258 260 221 216 222 452 42 47 34 135 129 454 134 435 255] [0 0 1.2360679774997898 0] face
[227 465 456 60 62 64] [1.618033988749875 1 -2.618033988749878 3.2360679774997787] face
[465 456 438 64 466 459] [1 1 -1 2.2360679774998107] face
[285 283 324 330 226 156 158 227 465 61 60 26 20 142 211 14 141 213 162 329] [0 1.6180339887498978 -2.618033988749901 1] face
[219 467 460 40 44 46] [1.618033988749853 1 2.618033988749869 3.236067977499763] face
[467 460 439 46 468 463] [1 1 1 2.2360679774998244] face
[336 335 258 259 273 271 423 218 216 219 467 40 42 43 469 132 129 131 440 252] [0 1.6180339887498982 2.618033988749902 1] face
[21 19 127 23 123 470] [2.6180339887498683 6.854101966249934 -1 0] face
[23 120 123 471 470 125] [2.6180339887498207 6.854101966249815 1 0] face
[411 272 271 423 421 431 424 267 437 467 439 473 471 472 470 469 468 125 440 432] [0 2.6180339887498887 1 1.6180339887498907] face
[325 284 283 324 421 431 319 280 437 465 438 19 20 127 211 7 472 470 466 212] [0 2.6180339887498927 -1 1.6180339887498933] face
[69 100 202 475 474 444] [2.618033988749721 -3.618033988749816 1 0] face
[75 69 202 76 203 474] [2.618033988749909 -3.236067977499896 1.6180339887499173 -1] face
[38 475 474 451 450 444] [2.61803398875004 -3.236067977500057 1.618033988750029 1] face
[30 38 474 37 453 450] [4.236067977500084 -4.236067977500194 4.236067977500059 1] face
[76 455 203 30 474 453] [4.236067977499741 -4.23606797749992 4.236067977499698 -1] face
[71 69 100 73 97 475] [1 -1 0 0] face
[94 477 175 51 154 476] [2.618033988749942 -1 -3.2360679774998533 -1.6180339887499133] face
[89 477 175 478 147 476] [4.236067977499948 -1 -4.236067977499992 -4.236067977499965] face
[55 51 154 11 145 476] [2.618033988749941 0 -3.61803398874997 -1] face
[113 478 147 17 143 476] [4.236067977499639 1 -4.23606797749966 -4.236067977499644] face
[16 11 145 17 143 476] [2.618033988749842 1 -3.236067977499721 -1.6180339887498691] face
[94 79 477 52 51 54] [3.2360679774997787 -1.6180339887498743 -2.61803398874984 -1] face
[89 77 477 84 478 479] [3.2360679774998364 -1 -1.6180339887499064 -2.6180339887499295] face
[79 77 477 72 54 479] [2.2360679774998036 -1 -1 -1] face
[481 455 168 28 480 454] [2.6180339887499557 -1 3.2360679774999097 -1.6180339887499575] face
[87 481 168 482 137 480] [4.236067977499888 -1 4.23606797750002 -4.236067977499942] face
[35 28 480 34 135 454] [2.618033988749818 0 3.618033988749836 -1] face
[109 482 137 483 133 480] [4.23606797749972 1 4.236067977499814 -4.23606797749973] face
[483 130 133 35 480 135] [2.6180339887499 1 3.2360679774998116 -1.6180339887499346] face
[481 76 455 32 28 30] [3.2360679774996806 -1.6180339887498196 2.6180339887497937 -1] face
[87 74 481 82 482 484] [3.2360679774998196 -1 1.6180339887499473 -2.6180339887499344] face
[74 481 76 484 70 32] [2.2360679774998085 -1 1 -1] face
[487 486 485 464 463 459] [2.6180339887497825 1 0 3.618033988749763] face
[1 486 485 64 466 459] [2.6180339887499287 1.61803398874995 -1 3.236067977499868] face
[488 487 485 46 468 463] [2.6180339887498656 1.6180339887499058 1 3.2360679774997756] face
[8 488 485 473 472 468] [4.236067977499658 4.236067977499725 1 4.236067977499721] face
[8 1 485 7 472 466] [4.23606797749992 4.236067977499983 -1 4.236067977499981] face
[5 1 486 4 63 64] [3.2360679774997134 1 -1.618033988749844 2.6180339887498567] face
[489 488 487 41 45 46] [3.2360679774996934 1 1.6180339887498598 2.618033988749839] face
[53 73 58 97 489 5 487 486 31 45 36 63 56 38 475 464 49 67 451 98] [2.618033988749893 -1 0 1.6180339887498947] face
[492 130 121 491 490 132] [4.236067977499785 4.236067977499889 4.236067977499785 -1] face
[493 491 490 43 469 132] [4.236067977499881 4.236067977499975 4.236067977499923 1] face
[103 492 121 494 120 490] [2.6180339887499646 3.2360679774999244 1.6180339887499677 -1] face
[494 23 120 495 490 471] [2.6180339887497768 3.6180339887497617 1 0] face
[495 493 490 473 471 469] [2.6180339887499393 3.236067977499894 1.618033988749969 1] face
[483 492 130 496 35 491] [3.236067977499783 1.6180339887499458 2.618033988749905 -1] face
[497 493 491 41 33 43] [3.236067977499816 1.6180339887499602 2.618033988749943 1] face
[496 29 35 497 491 33] [3.6180339887496156 1 2.6180339887497373 0] face
[498 495 493 8 488 473] [3.23606797749963 2.618033988749832 1 1.618033988749819] face
[498 497 493 489 488 41] [2.236067977499692 1 1 1] face
[22 494 23 499 6 495] [1 1 0 0] face
[499 2 6 498 495 8] [3.6180339887499176 2.6180339887499886 0 1] face
[85 113 84 478 109 82 482 25 17 15 103 483 492 22 494 479 484 12 496 499] [2.618033988749902 1 0 -1.6180339887498956] face
[72 54 53 73 479 484 70 12 13 496 29 32 499 2 3 498 497 489 5 31] [1.2360679774997916 0 0 0] face
]
shape [0.5 0.5 0.5 0.5] translate [0.5 0.5 0.5 0.5] aligncenter "grand-antiprism" def

