[
[1 2.414213562373095 3.8284271247461903 5.2426406871192865]
[1 2.414213562373095 3.8284271247461903 -5.2426406871192865]
[1 2.414213562373095 -3.8284271247461903 5.2426406871192865]
[1 2.414213562373095 -3.8284271247461903 -5.2426406871192865]
[1 -2.414213562373095 3.8284271247461903 5.2426406871192865]
[1 -2.414213562373095 3.8284271247461903 -5.2426406871192865]
[1 -2.414213562373095 -3.8284271247461903 5.2426406871192865]
[1 -2.414213562373095 -3.8284271247461903 -5.2426406871192865]
[-1 2.414213562373095 3.8284271247461903 5.2426406871192865]
[-1 2.414213562373095 3.8284271247461903 -5.2426406871192865]
[-1 2.414213562373095 -3.8284271247461903 5.2426406871192865]
[-1 2.414213562373095 -3.8284271247461903 -5.2426406871192865]
[-1 -2.414213562373095 3.8284271247461903 5.2426406871192865]
[-1 -2.414213562373095 3.8284271247461903 -5.2426406871192865]
[-1 -2.414213562373095 -3.8284271247461903 5.2426406871192865]
[-1 -2.414213562373095 -3.8284271247461903 -5.2426406871192865]
[1 2.414213562373095 5.2426406871192865 3.8284271247461903]
[1 2.414213562373095 5.2426406871192865 -3.8284271247461903]
[1 2.414213562373095 -5.2426406871192865 3.8284271247461903]
[1 2.414213562373095 -5.2426406871192865 -3.8284271247461903]
[1 -2.414213562373095 5.2426406871192865 3.8284271247461903]
[1 -2.414213562373095 5.2426406871192865 -3.8284271247461903]
[1 -2.414213562373095 -5.2426406871192865 3.8284271247461903]
[1 -2.414213562373095 -5.2426406871192865 -3.8284271247461903]
[-1 2.414213562373095 5.2426406871192865 3.8284271247461903]
[-1 2.414213562373095 5.2426406871192865 -3.8284271247461903]
[-1 2.414213562373095 -5.2426406871192865 3.8284271247461903]
[-1 2.414213562373095 -5.2426406871192865 -3.8284271247461903]
[-1 -2.414213562373095 5.2426406871192865 3.8284271247461903]
[-1 -2.414213562373095 5.2426406871192865 -3.8284271247461903]
[-1 -2.414213562373095 -5.2426406871192865 3.8284271247461903]
[-1 -2.414213562373095 -5.2426406871192865 -3.8284271247461903]
[1 3.8284271247461903 2.414213562373095 5.2426406871192865]
[1 3.8284271247461903 2.414213562373095 -5.2426406871192865]
[1 3.8284271247461903 -2.414213562373095 5.2426406871192865]
[1 3.8284271247461903 -2.414213562373095 -5.2426406871192865]
[1 -3.8284271247461903 2.414213562373095 5.2426406871192865]
[1 -3.8284271247461903 2.414213562373095 -5.2426406871192865]
[1 -3.8284271247461903 -2.414213562373095 5.2426406871192865]
[1 -3.8284271247461903 -2.414213562373095 -5.2426406871192865]
[-1 3.8284271247461903 2.414213562373095 5.2426406871192865]
[-1 3.8284271247461903 2.414213562373095 -5.2426406871192865]
[-1 3.8284271247461903 -2.414213562373095 5.2426406871192865]
[-1 3.8284271247461903 -2.414213562373095 -5.2426406871192865]
[-1 -3.8284271247461903 2.414213562373095 5.2426406871192865]
[-1 -3.8284271247461903 2.414213562373095 -5.2426406871192865]
[-1 -3.8284271247461903 -2.414213562373095 5.2426406871192865]
[-1 -3.8284271247461903 -2.414213562373095 -5.2426406871192865]
[1 3.8284271247461903 5.2426406871192865 2.414213562373095]
[1 3.8284271247461903 5.2426406871192865 -2.414213562373095]
[1 3.8284271247461903 -5.2426406871192865 2.414213562373095]
[1 3.8284271247461903 -5.2426406871192865 -2.414213562373095]
[1 -3.8284271247461903 5.2426406871192865 2.414213562373095]
[1 -3.8284271247461903 5.2426406871192865 -2.414213562373095]
[1 -3.8284271247461903 -5.2426406871192865 2.414213562373095]
[1 -3.8284271247461903 -5.2426406871192865 -2.414213562373095]
[-1 3.8284271247461903 5.2426406871192865 2.414213562373095]
[-1 3.8284271247461903 5.2426406871192865 -2.414213562373095]
[-1 3.8284271247461903 -5.2426406871192865 2.414213562373095]
[-1 3.8284271247461903 -5.2426406871192865 -2.414213562373095]
[-1 -3.8284271247461903 5.2426406871192865 2.414213562373095]
[-1 -3.8284271247461903 5.2426406871192865 -2.414213562373095]
[-1 -3.8284271247461903 -5.2426406871192865 2.414213562373095]
[-1 -3.8284271247461903 -5.2426406871192865 -2.414213562373095]
[1 5.2426406871192865 2.414213562373095 3.8284271247461903]
[1 5.2426406871192865 2.414213562373095 -3.8284271247461903]
[1 5.2426406871192865 -2.414213562373095 3.8284271247461903]
[1 5.2426406871192865 -2.414213562373095 -3.8284271247461903]
[1 -5.2426406871192865 2.414213562373095 3.8284271247461903]
[1 -5.2426406871192865 2.414213562373095 -3.8284271247461903]
[1 -5.2426406871192865 -2.414213562373095 3.8284271247461903]
[1 -5.2426406871192865 -2.414213562373095 -3.8284271247461903]
[-1 5.2426406871192865 2.414213562373095 3.8284271247461903]
[-1 5.2426406871192865 2.414213562373095 -3.8284271247461903]
[-1 5.2426406871192865 -2.414213562373095 3.8284271247461903]
[-1 5.2426406871192865 -2.414213562373095 -3.8284271247461903]
[-1 -5.2426406871192865 2.414213562373095 3.8284271247461903]
[-1 -5.2426406871192865 2.414213562373095 -3.8284271247461903]
[-1 -5.2426406871192865 -2.414213562373095 3.8284271247461903]
[-1 -5.2426406871192865 -2.414213562373095 -3.8284271247461903]
[1 5.2426406871192865 3.8284271247461903 2.414213562373095]
[1 5.2426406871192865 3.8284271247461903 -2.414213562373095]
[1 5.2426406871192865 -3.8284271247461903 2.414213562373095]
[1 5.2426406871192865 -3.8284271247461903 -2.414213562373095]
[1 -5.2426406871192865 3.8284271247461903 2.414213562373095]
[1 -5.2426406871192865 3.8284271247461903 -2.414213562373095]
[1 -5.2426406871192865 -3.8284271247461903 2.414213562373095]
[1 -5.2426406871192865 -3.8284271247461903 -2.414213562373095]
[-1 5.2426406871192865 3.8284271247461903 2.414213562373095]
[-1 5.2426406871192865 3.8284271247461903 -2.414213562373095]
[-1 5.2426406871192865 -3.8284271247461903 2.414213562373095]
[-1 5.2426406871192865 -3.8284271247461903 -2.414213562373095]
[-1 -5.2426406871192865 3.8284271247461903 2.414213562373095]
[-1 -5.2426406871192865 3.8284271247461903 -2.414213562373095]
[-1 -5.2426406871192865 -3.8284271247461903 2.414213562373095]
[-1 -5.2426406871192865 -3.8284271247461903 -2.414213562373095]
[2.414213562373095 1 3.8284271247461903 5.2426406871192865]
[2.414213562373095 1 3.8284271247461903 -5.2426406871192865]
[2.414213562373095 1 -3.8284271247461903 5.2426406871192865]
[2.414213562373095 1 -3.8284271247461903 -5.2426406871192865]
[2.414213562373095 -1 3.8284271247461903 5.2426406871192865]
[2.414213562373095 -1 3.8284271247461903 -5.2426406871192865]
[2.414213562373095 -1 -3.8284271247461903 5.2426406871192865]
[2.414213562373095 -1 -3.8284271247461903 -5.2426406871192865]
[-2.414213562373095 1 3.8284271247461903 5.2426406871192865]
[-2.414213562373095 1 3.8284271247461903 -5.2426406871192865]
[-2.414213562373095 1 -3.8284271247461903 5.2426406871192865]
[-2.414213562373095 1 -3.8284271247461903 -5.2426406871192865]
[-2.414213562373095 -1 3.8284271247461903 5.2426406871192865]
[-2.414213562373095 -1 3.8284271247461903 -5.2426406871192865]
[-2.414213562373095 -1 -3.8284271247461903 5.2426406871192865]
[-2.414213562373095 -1 -3.8284271247461903 -5.2426406871192865]
[2.414213562373095 1 5.2426406871192865 3.8284271247461903]
[2.414213562373095 1 5.2426406871192865 -3.8284271247461903]
[2.414213562373095 1 -5.2426406871192865 3.8284271247461903]
[2.414213562373095 1 -5.2426406871192865 -3.8284271247461903]
[2.414213562373095 -1 5.2426406871192865 3.8284271247461903]
[2.414213562373095 -1 5.2426406871192865 -3.8284271247461903]
[2.414213562373095 -1 -5.2426406871192865 3.8284271247461903]
[2.414213562373095 -1 -5.2426406871192865 -3.8284271247461903]
[-2.414213562373095 1 5.2426406871192865 3.8284271247461903]
[-2.414213562373095 1 5.2426406871192865 -3.8284271247461903]
[-2.414213562373095 1 -5.2426406871192865 3.8284271247461903]
[-2.414213562373095 1 -5.2426406871192865 -3.8284271247461903]
[-2.414213562373095 -1 5.2426406871192865 3.8284271247461903]
[-2.414213562373095 -1 5.2426406871192865 -3.8284271247461903]
[-2.414213562373095 -1 -5.2426406871192865 3.8284271247461903]
[-2.414213562373095 -1 -5.2426406871192865 -3.8284271247461903]
[2.414213562373095 3.8284271247461903 1 5.2426406871192865]
[2.414213562373095 3.8284271247461903 1 -5.2426406871192865]
[2.414213562373095 3.8284271247461903 -1 5.2426406871192865]
[2.414213562373095 3.8284271247461903 -1 -5.2426406871192865]
[2.414213562373095 -3.8284271247461903 1 5.2426406871192865]
[2.414213562373095 -3.8284271247461903 1 -5.2426406871192865]
[2.414213562373095 -3.8284271247461903 -1 5.2426406871192865]
[2.414213562373095 -3.8284271247461903 -1 -5.2426406871192865]
[-2.414213562373095 3.8284271247461903 1 5.2426406871192865]
[-2.414213562373095 3.8284271247461903 1 -5.2426406871192865]
[-2.414213562373095 3.8284271247461903 -1 5.2426406871192865]
[-2.414213562373095 3.8284271247461903 -1 -5.2426406871192865]
[-2.414213562373095 -3.8284271247461903 1 5.2426406871192865]
[-2.414213562373095 -3.8284271247461903 1 -5.2426406871192865]
[-2.414213562373095 -3.8284271247461903 -1 5.2426406871192865]
[-2.414213562373095 -3.8284271247461903 -1 -5.2426406871192865]
[2.414213562373095 3.8284271247461903 5.2426406871192865 1]
[2.414213562373095 3.8284271247461903 5.2426406871192865 -1]
[2.414213562373095 3.8284271247461903 -5.2426406871192865 1]
[2.414213562373095 3.8284271247461903 -5.2426406871192865 -1]
[2.414213562373095 -3.8284271247461903 5.2426406871192865 1]
[2.414213562373095 -3.8284271247461903 5.2426406871192865 -1]
[2.414213562373095 -3.8284271247461903 -5.2426406871192865 1]
[2.414213562373095 -3.8284271247461903 -5.2426406871192865 -1]
[-2.414213562373095 3.8284271247461903 5.2426406871192865 1]
[-2.414213562373095 3.8284271247461903 5.2426406871192865 -1]
[-2.414213562373095 3.8284271247461903 -5.2426406871192865 1]
[-2.414213562373095 3.8284271247461903 -5.2426406871192865 -1]
[-2.414213562373095 -3.8284271247461903 5.2426406871192865 1]
[-2.414213562373095 -3.8284271247461903 5.2426406871192865 -1]
[-2.414213562373095 -3.8284271247461903 -5.2426406871192865 1]
[-2.414213562373095 -3.8284271247461903 -5.2426406871192865 -1]
[2.414213562373095 5.2426406871192865 1 3.8284271247461903]
[2.414213562373095 5.2426406871192865 1 -3.8284271247461903]
[2.414213562373095 5.2426406871192865 -1 3.8284271247461903]
[2.414213562373095 5.2426406871192865 -1 -3.8284271247461903]
[2.414213562373095 -5.2426406871192865 1 3.8284271247461903]
[2.414213562373095 -5.2426406871192865 1 -3.8284271247461903]
[2.414213562373095 -5.2426406871192865 -1 3.8284271247461903]
[2.414213562373095 -5.2426406871192865 -1 -3.8284271247461903]
[-2.414213562373095 5.2426406871192865 1 3.8284271247461903]
[-2.414213562373095 5.2426406871192865 1 -3.8284271247461903]
[-2.414213562373095 5.2426406871192865 -1 3.8284271247461903]
[-2.414213562373095 5.2426406871192865 -1 -3.8284271247461903]
[-2.414213562373095 -5.2426406871192865 1 3.8284271247461903]
[-2.414213562373095 -5.2426406871192865 1 -3.8284271247461903]
[-2.414213562373095 -5.2426406871192865 -1 3.8284271247461903]
[-2.414213562373095 -5.2426406871192865 -1 -3.8284271247461903]
[2.414213562373095 5.2426406871192865 3.8284271247461903 1]
[2.414213562373095 5.2426406871192865 3.8284271247461903 -1]
[2.414213562373095 5.2426406871192865 -3.8284271247461903 1]
[2.414213562373095 5.2426406871192865 -3.8284271247461903 -1]
[2.414213562373095 -5.2426406871192865 3.8284271247461903 1]
[2.414213562373095 -5.2426406871192865 3.8284271247461903 -1]
[2.414213562373095 -5.2426406871192865 -3.8284271247461903 1]
[2.414213562373095 -5.2426406871192865 -3.8284271247461903 -1]
[-2.414213562373095 5.2426406871192865 3.8284271247461903 1]
[-2.414213562373095 5.2426406871192865 3.8284271247461903 -1]
[-2.414213562373095 5.2426406871192865 -3.8284271247461903 1]
[-2.414213562373095 5.2426406871192865 -3.8284271247461903 -1]
[-2.414213562373095 -5.2426406871192865 3.8284271247461903 1]
[-2.414213562373095 -5.2426406871192865 3.8284271247461903 -1]
[-2.414213562373095 -5.2426406871192865 -3.8284271247461903 1]
[-2.414213562373095 -5.2426406871192865 -3.8284271247461903 -1]
[3.8284271247461903 1 2.414213562373095 5.2426406871192865]
[3.8284271247461903 1 2.414213562373095 -5.2426406871192865]
[3.8284271247461903 1 -2.414213562373095 5.2426406871192865]
[3.8284271247461903 1 -2.414213562373095 -5.2426406871192865]
[3.8284271247461903 -1 2.414213562373095 5.2426406871192865]
[3.8284271247461903 -1 2.414213562373095 -5.2426406871192865]
[3.8284271247461903 -1 -2.414213562373095 5.2426406871192865]
[3.8284271247461903 -1 -2.414213562373095 -5.2426406871192865]
[-3.8284271247461903 1 2.414213562373095 5.2426406871192865]
[-3.8284271247461903 1 2.414213562373095 -5.2426406871192865]
[-3.8284271247461903 1 -2.414213562373095 5.2426406871192865]
[-3.8284271247461903 1 -2.414213562373095 -5.2426406871192865]
[-3.8284271247461903 -1 2.414213562373095 5.2426406871192865]
[-3.8284271247461903 -1 2.414213562373095 -5.2426406871192865]
[-3.8284271247461903 -1 -2.414213562373095 5.2426406871192865]
[-3.8284271247461903 -1 -2.414213562373095 -5.2426406871192865]
[3.8284271247461903 1 5.2426406871192865 2.414213562373095]
[3.8284271247461903 1 5.2426406871192865 -2.414213562373095]
[3.8284271247461903 1 -5.2426406871192865 2.414213562373095]
[3.8284271247461903 1 -5.2426406871192865 -2.414213562373095]
[3.8284271247461903 -1 5.2426406871192865 2.414213562373095]
[3.8284271247461903 -1 5.2426406871192865 -2.414213562373095]
[3.8284271247461903 -1 -5.2426406871192865 2.414213562373095]
[3.8284271247461903 -1 -5.2426406871192865 -2.414213562373095]
[-3.8284271247461903 1 5.2426406871192865 2.414213562373095]
[-3.8284271247461903 1 5.2426406871192865 -2.414213562373095]
[-3.8284271247461903 1 -5.2426406871192865 2.414213562373095]
[-3.8284271247461903 1 -5.2426406871192865 -2.414213562373095]
[-3.8284271247461903 -1 5.2426406871192865 2.414213562373095]
[-3.8284271247461903 -1 5.2426406871192865 -2.414213562373095]
[-3.8284271247461903 -1 -5.2426406871192865 2.414213562373095]
[-3.8284271247461903 -1 -5.2426406871192865 -2.414213562373095]
[3.8284271247461903 2.414213562373095 1 5.2426406871192865]
[3.8284271247461903 2.414213562373095 1 -5.2426406871192865]
[3.8284271247461903 2.414213562373095 -1 5.2426406871192865]
[3.8284271247461903 2.414213562373095 -1 -5.2426406871192865]
[3.8284271247461903 -2.414213562373095 1 5.2426406871192865]
[3.8284271247461903 -2.414213562373095 1 -5.2426406871192865]
[3.8284271247461903 -2.414213562373095 -1 5.2426406871192865]
[3.8284271247461903 -2.414213562373095 -1 -5.2426406871192865]
[-3.8284271247461903 2.414213562373095 1 5.2426406871192865]
[-3.8284271247461903 2.414213562373095 1 -5.2426406871192865]
[-3.8284271247461903 2.414213562373095 -1 5.2426406871192865]
[-3.8284271247461903 2.414213562373095 -1 -5.2426406871192865]
[-3.8284271247461903 -2.414213562373095 1 5.2426406871192865]
[-3.8284271247461903 -2.414213562373095 1 -5.2426406871192865]
[-3.8284271247461903 -2.414213562373095 -1 5.2426406871192865]
[-3.8284271247461903 -2.414213562373095 -1 -5.2426406871192865]
[3.8284271247461903 2.414213562373095 5.2426406871192865 1]
[3.8284271247461903 2.414213562373095 5.2426406871192865 -1]
[3.8284271247461903 2.414213562373095 -5.2426406871192865 1]
[3.8284271247461903 2.414213562373095 -5.2426406871192865 -1]
[3.8284271247461903 -2.414213562373095 5.2426406871192865 1]
[3.8284271247461903 -2.414213562373095 5.2426406871192865 -1]
[3.8284271247461903 -2.414213562373095 -5.2426406871192865 1]
[3.8284271247461903 -2.414213562373095 -5.2426406871192865 -1]
[-3.8284271247461903 2.414213562373095 5.2426406871192865 1]
[-3.8284271247461903 2.414213562373095 5.2426406871192865 -1]
[-3.8284271247461903 2.414213562373095 -5.2426406871192865 1]
[-3.8284271247461903 2.414213562373095 -5.2426406871192865 -1]
[-3.8284271247461903 -2.414213562373095 5.2426406871192865 1]
[-3.8284271247461903 -2.414213562373095 5.2426406871192865 -1]
[-3.8284271247461903 -2.414213562373095 -5.2426406871192865 1]
[-3.8284271247461903 -2.414213562373095 -5.2426406871192865 -1]
[3.8284271247461903 5.2426406871192865 1 2.414213562373095]
[3.8284271247461903 5.2426406871192865 1 -2.414213562373095]
[3.8284271247461903 5.2426406871192865 -1 2.414213562373095]
[3.8284271247461903 5.2426406871192865 -1 -2.414213562373095]
[3.8284271247461903 -5.2426406871192865 1 2.414213562373095]
[3.8284271247461903 -5.2426406871192865 1 -2.414213562373095]
[3.8284271247461903 -5.2426406871192865 -1 2.414213562373095]
[3.8284271247461903 -5.2426406871192865 -1 -2.414213562373095]
[-3.8284271247461903 5.2426406871192865 1 2.414213562373095]
[-3.8284271247461903 5.2426406871192865 1 -2.414213562373095]
[-3.8284271247461903 5.2426406871192865 -1 2.414213562373095]
[-3.8284271247461903 5.2426406871192865 -1 -2.414213562373095]
[-3.8284271247461903 -5.2426406871192865 1 2.414213562373095]
[-3.8284271247461903 -5.2426406871192865 1 -2.414213562373095]
[-3.8284271247461903 -5.2426406871192865 -1 2.414213562373095]
[-3.8284271247461903 -5.2426406871192865 -1 -2.414213562373095]
[3.8284271247461903 5.2426406871192865 2.414213562373095 1]
[3.8284271247461903 5.2426406871192865 2.414213562373095 -1]
[3.8284271247461903 5.2426406871192865 -2.414213562373095 1]
[3.8284271247461903 5.2426406871192865 -2.414213562373095 -1]
[3.8284271247461903 -5.2426406871192865 2.414213562373095 1]
[3.8284271247461903 -5.2426406871192865 2.414213562373095 -1]
[3.8284271247461903 -5.2426406871192865 -2.414213562373095 1]
[3.8284271247461903 -5.2426406871192865 -2.414213562373095 -1]
[-3.8284271247461903 5.2426406871192865 2.414213562373095 1]
[-3.8284271247461903 5.2426406871192865 2.414213562373095 -1]
[-3.8284271247461903 5.2426406871192865 -2.414213562373095 1]
[-3.8284271247461903 5.2426406871192865 -2.414213562373095 -1]
[-3.8284271247461903 -5.2426406871192865 2.414213562373095 1]
[-3.8284271247461903 -5.2426406871192865 2.414213562373095 -1]
[-3.8284271247461903 -5.2426406871192865 -2.414213562373095 1]
[-3.8284271247461903 -5.2426406871192865 -2.414213562373095 -1]
[5.2426406871192865 1 2.414213562373095 3.8284271247461903]
[5.2426406871192865 1 2.414213562373095 -3.8284271247461903]
[5.2426406871192865 1 -2.414213562373095 3.8284271247461903]
[5.2426406871192865 1 -2.414213562373095 -3.8284271247461903]
[5.2426406871192865 -1 2.414213562373095 3.8284271247461903]
[5.2426406871192865 -1 2.414213562373095 -3.8284271247461903]
[5.2426406871192865 -1 -2.414213562373095 3.8284271247461903]
[5.2426406871192865 -1 -2.414213562373095 -3.8284271247461903]
[-5.2426406871192865 1 2.414213562373095 3.8284271247461903]
[-5.2426406871192865 1 2.414213562373095 -3.8284271247461903]
[-5.2426406871192865 1 -2.414213562373095 3.8284271247461903]
[-5.2426406871192865 1 -2.414213562373095 -3.8284271247461903]
[-5.2426406871192865 -1 2.414213562373095 3.8284271247461903]
[-5.2426406871192865 -1 2.414213562373095 -3.8284271247461903]
[-5.2426406871192865 -1 -2.414213562373095 3.8284271247461903]
[-5.2426406871192865 -1 -2.414213562373095 -3.8284271247461903]
[5.2426406871192865 1 3.8284271247461903 2.414213562373095]
[5.2426406871192865 1 3.8284271247461903 -2.414213562373095]
[5.2426406871192865 1 -3.8284271247461903 2.414213562373095]
[5.2426406871192865 1 -3.8284271247461903 -2.414213562373095]
[5.2426406871192865 -1 3.8284271247461903 2.414213562373095]
[5.2426406871192865 -1 3.8284271247461903 -2.414213562373095]
[5.2426406871192865 -1 -3.8284271247461903 2.414213562373095]
[5.2426406871192865 -1 -3.8284271247461903 -2.414213562373095]
[-5.2426406871192865 1 3.8284271247461903 2.414213562373095]
[-5.2426406871192865 1 3.8284271247461903 -2.414213562373095]
[-5.2426406871192865 1 -3.8284271247461903 2.414213562373095]
[-5.2426406871192865 1 -3.8284271247461903 -2.414213562373095]
[-5.2426406871192865 -1 3.8284271247461903 2.414213562373095]
[-5.2426406871192865 -1 3.8284271247461903 -2.414213562373095]
[-5.2426406871192865 -1 -3.8284271247461903 2.414213562373095]
[-5.2426406871192865 -1 -3.8284271247461903 -2.414213562373095]
[5.2426406871192865 2.414213562373095 1 3.8284271247461903]
[5.2426406871192865 2.414213562373095 1 -3.8284271247461903]
[5.2426406871192865 2.414213562373095 -1 3.8284271247461903]
[5.2426406871192865 2.414213562373095 -1 -3.8284271247461903]
[5.2426406871192865 -2.414213562373095 1 3.8284271247461903]
[5.2426406871192865 -2.414213562373095 1 -3.8284271247461903]
[5.2426406871192865 -2.414213562373095 -1 3.8284271247461903]
[5.2426406871192865 -2.414213562373095 -1 -3.8284271247461903]
[-5.2426406871192865 2.414213562373095 1 3.8284271247461903]
[-5.2426406871192865 2.414213562373095 1 -3.8284271247461903]
[-5.2426406871192865 2.414213562373095 -1 3.8284271247461903]
[-5.2426406871192865 2.414213562373095 -1 -3.8284271247461903]
[-5.2426406871192865 -2.414213562373095 1 3.8284271247461903]
[-5.2426406871192865 -2.414213562373095 1 -3.8284271247461903]
[-5.2426406871192865 -2.414213562373095 -1 3.8284271247461903]
[-5.2426406871192865 -2.414213562373095 -1 -3.8284271247461903]
[5.2426406871192865 2.414213562373095 3.8284271247461903 1]
[5.2426406871192865 2.414213562373095 3.8284271247461903 -1]
[5.2426406871192865 2.414213562373095 -3.8284271247461903 1]
[5.2426406871192865 2.414213562373095 -3.8284271247461903 -1]
[5.2426406871192865 -2.414213562373095 3.8284271247461903 1]
[5.2426406871192865 -2.414213562373095 3.8284271247461903 -1]
[5.2426406871192865 -2.414213562373095 -3.8284271247461903 1]
[5.2426406871192865 -2.414213562373095 -3.8284271247461903 -1]
[-5.2426406871192865 2.414213562373095 3.8284271247461903 1]
[-5.2426406871192865 2.414213562373095 3.8284271247461903 -1]
[-5.2426406871192865 2.414213562373095 -3.8284271247461903 1]
[-5.2426406871192865 2.414213562373095 -3.8284271247461903 -1]
[-5.2426406871192865 -2.414213562373095 3.8284271247461903 1]
[-5.2426406871192865 -2.414213562373095 3.8284271247461903 -1]
[-5.2426406871192865 -2.414213562373095 -3.8284271247461903 1]
[-5.2426406871192865 -2.414213562373095 -3.8284271247461903 -1]
[5.2426406871192865 3.8284271247461903 1 2.414213562373095]
[5.2426406871192865 3.8284271247461903 1 -2.414213562373095]
[5.2426406871192865 3.8284271247461903 -1 2.414213562373095]
[5.2426406871192865 3.8284271247461903 -1 -2.414213562373095]
[5.2426406871192865 -3.8284271247461903 1 2.414213562373095]
[5.2426406871192865 -3.8284271247461903 1 -2.414213562373095]
[5.2426406871192865 -3.8284271247461903 -1 2.414213562373095]
[5.2426406871192865 -3.8284271247461903 -1 -2.414213562373095]
[-5.2426406871192865 3.8284271247461903 1 2.414213562373095]
[-5.2426406871192865 3.8284271247461903 1 -2.414213562373095]
[-5.2426406871192865 3.8284271247461903 -1 2.414213562373095]
[-5.2426406871192865 3.8284271247461903 -1 -2.414213562373095]
[-5.2426406871192865 -3.8284271247461903 1 2.414213562373095]
[-5.2426406871192865 -3.8284271247461903 1 -2.414213562373095]
[-5.2426406871192865 -3.8284271247461903 -1 2.414213562373095]
[-5.2426406871192865 -3.8284271247461903 -1 -2.414213562373095]
[5.2426406871192865 3.8284271247461903 2.414213562373095 1]
[5.2426406871192865 3.8284271247461903 2.414213562373095 -1]
[5.2426406871192865 3.8284271247461903 -2.414213562373095 1]
[5.2426406871192865 3.8284271247461903 -2.414213562373095 -1]
[5.2426406871192865 -3.8284271247461903 2.414213562373095 1]
[5.2426406871192865 -3.8284271247461903 2.414213562373095 -1]
[5.2426406871192865 -3.8284271247461903 -2.414213562373095 1]
[5.2426406871192865 -3.8284271247461903 -2.414213562373095 -1]
[-5.2426406871192865 3.8284271247461903 2.414213562373095 1]
[-5.2426406871192865 3.8284271247461903 2.414213562373095 -1]
[-5.2426406871192865 3.8284271247461903 -2.414213562373095 1]
[-5.2426406871192865 3.8284271247461903 -2.414213562373095 -1]
[-5.2426406871192865 -3.8284271247461903 2.414213562373095 1]
[-5.2426406871192865 -3.8284271247461903 2.414213562373095 -1]
[-5.2426406871192865 -3.8284271247461903 -2.414213562373095 1]
[-5.2426406871192865 -3.8284271247461903 -2.414213562373095 -1]
][
225 321 edge
129 225 edge
129 161 edge
161 257 edge
257 353 edge
321 353 edge
193 289 edge
193 225 edge
289 321 edge
97 193 edge
97 113 edge
113 209 edge
209 305 edge
289 305 edge
33 129 edge
1 97 edge
1 33 edge
33 65 edge
65 161 edge
1 17 edge
17 113 edge
49 81 edge
17 49 edge
65 81 edge
49 145 edge
81 177 edge
145 177 edge
209 241 edge
145 241 edge
177 273 edge
257 273 edge
241 337 edge
305 337 edge
273 369 edge
337 369 edge
353 369 edge
227 323 edge
131 227 edge
131 163 edge
163 259 edge
259 355 edge
323 355 edge
225 227 edge
321 323 edge
129 131 edge
161 163 edge
257 259 edge
353 355 edge
195 291 edge
195 227 edge
291 323 edge
99 195 edge
99 115 edge
115 211 edge
211 307 edge
291 307 edge
35 131 edge
3 99 edge
3 35 edge
35 67 edge
67 163 edge
3 19 edge
19 115 edge
51 83 edge
19 51 edge
67 83 edge
51 147 edge
83 179 edge
147 179 edge
211 243 edge
147 243 edge
179 275 edge
259 275 edge
243 339 edge
307 339 edge
275 371 edge
339 371 edge
355 371 edge
197 293 edge
193 197 edge
289 293 edge
199 295 edge
195 199 edge
291 295 edge
229 325 edge
197 229 edge
293 325 edge
231 327 edge
199 231 edge
295 327 edge
229 231 edge
325 327 edge
101 197 edge
101 117 edge
117 213 edge
213 309 edge
293 309 edge
97 101 edge
113 117 edge
209 213 edge
305 309 edge
103 199 edge
103 119 edge
119 215 edge
215 311 edge
295 311 edge
99 103 edge
115 119 edge
211 215 edge
307 311 edge
133 229 edge
133 165 edge
165 261 edge
261 357 edge
325 357 edge
5 101 edge
37 133 edge
5 37 edge
5 21 edge
21 117 edge
37 69 edge
69 165 edge
53 85 edge
69 85 edge
21 53 edge
85 181 edge
53 149 edge
149 181 edge
261 277 edge
181 277 edge
149 245 edge
213 245 edge
277 373 edge
357 373 edge
245 341 edge
341 373 edge
309 341 edge
135 231 edge
135 167 edge
167 263 edge
263 359 edge
327 359 edge
7 103 edge
39 135 edge
7 39 edge
7 23 edge
23 119 edge
39 71 edge
71 167 edge
55 87 edge
71 87 edge
23 55 edge
87 183 edge
55 151 edge
151 183 edge
263 279 edge
183 279 edge
151 247 edge
215 247 edge
279 375 edge
359 375 edge
247 343 edge
343 375 edge
311 343 edge
133 135 edge
165 167 edge
261 263 edge
357 359 edge
33 41 edge
35 43 edge
41 137 edge
43 139 edge
137 139 edge
1 9 edge
5 13 edge
9 105 edge
13 109 edge
105 109 edge
3 11 edge
7 15 edge
11 107 edge
15 111 edge
107 111 edge
37 45 edge
39 47 edge
45 141 edge
47 143 edge
141 143 edge
9 41 edge
11 43 edge
13 45 edge
15 47 edge
137 233 edge
105 201 edge
201 233 edge
139 235 edge
107 203 edge
203 235 edge
109 205 edge
141 237 edge
205 237 edge
111 207 edge
143 239 edge
207 239 edge
233 235 edge
201 205 edge
203 207 edge
237 239 edge
41 73 edge
65 73 edge
43 75 edge
67 75 edge
137 169 edge
73 169 edge
139 171 edge
75 171 edge
169 171 edge
9 25 edge
17 25 edge
13 29 edge
21 29 edge
105 121 edge
25 121 edge
109 125 edge
29 125 edge
121 125 edge
11 27 edge
19 27 edge
15 31 edge
23 31 edge
107 123 edge
27 123 edge
111 127 edge
31 127 edge
123 127 edge
45 77 edge
69 77 edge
47 79 edge
71 79 edge
141 173 edge
77 173 edge
143 175 edge
79 175 edge
173 175 edge
57 89 edge
25 57 edge
73 89 edge
49 57 edge
81 89 edge
59 91 edge
27 59 edge
75 91 edge
51 59 edge
83 91 edge
61 93 edge
77 93 edge
29 61 edge
85 93 edge
53 61 edge
63 95 edge
79 95 edge
31 63 edge
87 95 edge
55 63 edge
233 329 edge
329 361 edge
265 361 edge
169 265 edge
201 297 edge
297 313 edge
217 313 edge
121 217 edge
297 329 edge
313 345 edge
361 377 edge
345 377 edge
249 345 edge
217 249 edge
281 377 edge
265 281 edge
153 185 edge
153 249 edge
185 281 edge
57 153 edge
89 185 edge
235 331 edge
331 363 edge
267 363 edge
171 267 edge
203 299 edge
299 315 edge
219 315 edge
123 219 edge
299 331 edge
315 347 edge
363 379 edge
347 379 edge
251 347 edge
219 251 edge
283 379 edge
267 283 edge
155 187 edge
155 251 edge
187 283 edge
59 155 edge
91 187 edge
205 301 edge
301 317 edge
221 317 edge
125 221 edge
237 333 edge
333 365 edge
269 365 edge
173 269 edge
301 333 edge
365 381 edge
317 349 edge
349 381 edge
285 381 edge
269 285 edge
253 349 edge
221 253 edge
157 189 edge
189 285 edge
157 253 edge
93 189 edge
61 157 edge
207 303 edge
303 319 edge
223 319 edge
127 223 edge
239 335 edge
335 367 edge
271 367 edge
175 271 edge
303 335 edge
367 383 edge
319 351 edge
351 383 edge
287 383 edge
271 287 edge
255 351 edge
223 255 edge
159 191 edge
191 287 edge
159 255 edge
95 191 edge
63 159 edge
329 331 edge
361 363 edge
265 267 edge
297 301 edge
313 317 edge
217 221 edge
299 303 edge
315 319 edge
219 223 edge
333 335 edge
365 367 edge
269 271 edge
382 383 edge
364 366 edge
380 381 edge
366 382 edge
364 380 edge
350 351 edge
314 318 edge
346 347 edge
318 350 edge
314 346 edge
332 334 edge
298 302 edge
296 300 edge
328 330 edge
302 334 edge
300 332 edge
298 330 edge
296 328 edge
348 349 edge
312 316 edge
344 345 edge
316 348 edge
312 344 edge
378 379 edge
360 362 edge
376 377 edge
362 378 edge
360 376 edge
350 382 edge
334 366 edge
332 364 edge
348 380 edge
302 318 edge
298 314 edge
300 316 edge
296 312 edge
346 378 edge
330 362 edge
328 360 edge
344 376 edge
286 382 edge
286 287 edge
270 366 edge
268 364 edge
268 270 edge
284 380 edge
284 285 edge
270 286 edge
268 284 edge
254 350 edge
254 255 edge
222 318 edge
218 314 edge
218 222 edge
250 346 edge
250 251 edge
222 254 edge
218 250 edge
238 334 edge
236 332 edge
236 238 edge
206 302 edge
202 298 edge
202 206 edge
204 300 edge
200 296 edge
200 204 edge
234 330 edge
232 328 edge
232 234 edge
206 238 edge
204 236 edge
202 234 edge
200 232 edge
252 348 edge
252 253 edge
220 316 edge
216 312 edge
216 220 edge
248 344 edge
248 249 edge
220 252 edge
216 248 edge
282 378 edge
282 283 edge
266 362 edge
264 360 edge
264 266 edge
280 376 edge
280 281 edge
266 282 edge
264 280 edge
158 190 edge
190 286 edge
158 254 edge
190 191 edge
158 159 edge
142 174 edge
174 270 edge
142 238 edge
140 172 edge
172 268 edge
140 236 edge
172 174 edge
140 142 edge
156 188 edge
188 284 edge
156 252 edge
188 189 edge
156 157 edge
110 126 edge
126 222 edge
110 206 edge
106 122 edge
122 218 edge
106 202 edge
122 126 edge
106 110 edge
108 124 edge
108 204 edge
124 220 edge
104 120 edge
104 200 edge
120 216 edge
104 108 edge
120 124 edge
154 186 edge
154 250 edge
186 282 edge
154 155 edge
186 187 edge
138 170 edge
138 234 edge
170 266 edge
136 168 edge
136 232 edge
168 264 edge
136 138 edge
168 170 edge
152 184 edge
152 248 edge
184 280 edge
152 153 edge
184 185 edge
62 94 edge
46 78 edge
14 30 edge
78 94 edge
30 62 edge
14 46 edge
94 190 edge
62 158 edge
78 174 edge
46 142 edge
30 126 edge
14 110 edge
44 76 edge
60 92 edge
12 28 edge
76 92 edge
12 44 edge
28 60 edge
76 172 edge
44 140 edge
92 188 edge
60 156 edge
12 108 edge
28 124 edge
10 26 edge
58 90 edge
42 74 edge
26 58 edge
10 42 edge
74 90 edge
26 122 edge
10 106 edge
58 154 edge
90 186 edge
42 138 edge
74 170 edge
8 24 edge
40 72 edge
56 88 edge
8 40 edge
24 56 edge
72 88 edge
8 104 edge
24 120 edge
40 136 edge
72 168 edge
56 152 edge
88 184 edge
86 94 edge
54 62 edge
54 86 edge
70 78 edge
38 46 edge
38 70 edge
22 30 edge
6 14 edge
6 22 edge
70 86 edge
22 54 edge
6 38 edge
68 76 edge
36 44 edge
36 68 edge
84 92 edge
52 60 edge
52 84 edge
4 12 edge
20 28 edge
4 20 edge
68 84 edge
4 36 edge
20 52 edge
18 26 edge
2 10 edge
2 18 edge
50 58 edge
82 90 edge
50 82 edge
34 42 edge
66 74 edge
34 66 edge
18 50 edge
2 34 edge
66 82 edge
0 8 edge
16 24 edge
0 16 edge
32 40 edge
64 72 edge
32 64 edge
48 56 edge
80 88 edge
48 80 edge
0 32 edge
16 48 edge
64 80 edge
182 183 edge
86 182 edge
150 151 edge
54 150 edge
150 182 edge
164 166 edge
70 166 edge
68 164 edge
132 134 edge
38 134 edge
36 132 edge
134 166 edge
132 164 edge
180 181 edge
84 180 edge
148 149 edge
52 148 edge
148 180 edge
22 118 edge
114 118 edge
18 114 edge
6 102 edge
98 102 edge
2 98 edge
102 118 edge
98 114 edge
4 100 edge
96 100 edge
0 96 edge
20 116 edge
112 116 edge
16 112 edge
100 116 edge
96 112 edge
146 147 edge
50 146 edge
178 179 edge
82 178 edge
146 178 edge
34 130 edge
128 130 edge
32 128 edge
66 162 edge
160 162 edge
64 160 edge
130 162 edge
128 160 edge
48 144 edge
144 145 edge
80 176 edge
176 177 edge
144 176 edge
278 279 edge
260 262 edge
276 277 edge
262 278 edge
260 276 edge
182 278 edge
166 262 edge
164 260 edge
180 276 edge
150 246 edge
246 247 edge
118 214 edge
214 246 edge
210 214 edge
114 210 edge
242 243 edge
210 242 edge
146 242 edge
134 230 edge
132 228 edge
228 230 edge
102 198 edge
198 230 edge
100 196 edge
196 228 edge
194 198 edge
98 194 edge
192 196 edge
96 192 edge
194 226 edge
224 226 edge
192 224 edge
130 226 edge
128 224 edge
148 244 edge
244 245 edge
116 212 edge
212 244 edge
208 212 edge
112 208 edge
208 240 edge
240 241 edge
144 240 edge
178 274 edge
274 275 edge
162 258 edge
258 274 edge
160 256 edge
256 258 edge
176 272 edge
256 272 edge
272 273 edge
278 374 edge
374 375 edge
262 358 edge
260 356 edge
356 358 edge
276 372 edge
372 373 edge
358 374 edge
356 372 edge
246 342 edge
342 374 edge
342 343 edge
230 326 edge
326 358 edge
228 324 edge
324 356 edge
324 326 edge
244 340 edge
340 372 edge
340 341 edge
214 310 edge
198 294 edge
294 310 edge
310 342 edge
294 326 edge
196 292 edge
212 308 edge
292 308 edge
292 324 edge
308 340 edge
210 306 edge
306 310 edge
194 290 edge
290 294 edge
290 306 edge
192 288 edge
288 292 edge
208 304 edge
304 308 edge
288 304 edge
242 338 edge
338 339 edge
306 338 edge
226 322 edge
290 322 edge
224 320 edge
320 322 edge
288 320 edge
240 336 edge
304 336 edge
336 337 edge
274 370 edge
338 370 edge
370 371 edge
258 354 edge
322 354 edge
354 370 edge
256 352 edge
320 352 edge
352 354 edge
272 368 edge
336 368 edge
352 368 edge
368 369 edge
][
[19 16 15 22 20 17 14 21 24 23 18 25 10 9 11 2 1 26 28 3 29 7 6 27 12 0 31 30 4 33 13 8 32 5 34 35] [1 1 1 -1] face
[44 2 1 38 37 45 3 39 42 0 36 46 4 40 43 5 41 47] [1 1 0 -1] face
[61 58 57 64 62 59 56 63 66 65 60 67 52 51 53 38 37 68 70 39 71 49 48 69 54 36 73 72 40 75 55 50 74 41 76 77] [1 1 -1 -1] face
[79 7 6 82 49 48 85 78 88 81 42 0 36 90 84 87 80 8 83 50 86 89 43 91] [1 0 0 -1] face
[97 10 9 93 92 98 11 94 79 6 78 99 12 95 80 13 96 100] [1 0 1 -1] face
[106 52 51 102 101 107 53 103 82 48 81 108 54 104 83 55 105 109] [1 0 -1 -1] face
[118 117 115 124 119 120 116 122 126 123 121 125 93 92 94 111 110 127 130 112 129 85 78 131 95 84 134 128 113 132 96 86 136 114 135 133] [1 -1 1 -1] face
[145 144 142 151 146 147 143 149 153 150 148 152 102 101 103 138 137 154 157 139 156 88 81 158 104 87 161 155 140 159 105 89 163 141 162 160] [1 -1 -1 -1] face
[164 111 110 138 137 165 112 139 90 84 87 166 113 140 91 114 141 167] [1 -1 0 -1] face
[173 16 15 178 58 57 174 117 115 179 144 142 188 175 189 180 190 176 191 181 168 14 169 56 183 116 184 143 170 171 185 186 97 9 106 51 92 101 177 193 182 196 198 201 44 1 37 164 110 137 172 192 195 187 199 202 79 7 82 49 85 88 205 194 206 197 200 203 42 90 204 207] [0 0 0 -1] face
[168 17 14 169 59 56 208 170 210 171 209 18 211 60 213 215 44 2 38 172 212 214 45 216] [0 1 0 -1] face
[173 19 15 174 118 115 217 175 219 176 218 20 220 119 222 224 97 10 93 177 221 223 98 225] [0 0 1 -1] face
[178 61 57 179 145 142 226 180 228 181 227 62 229 146 231 233 106 52 102 182 230 232 107 234] [0 0 -1 -1] face
[183 120 116 184 147 143 235 185 237 186 236 121 238 148 240 242 164 111 138 187 239 241 165 243] [0 -1 0 -1] face
[173 19 16 217 188 218 22 245 168 17 208 247 21 244 209 23 246 248] [0 1 1 -1] face
[178 61 58 226 189 227 64 250 169 59 210 252 63 249 211 65 251 253] [0 1 -1 -1] face
[174 118 117 219 190 220 124 256 183 120 235 258 122 254 236 123 255 257] [0 -1 1 -1] face
[179 145 144 228 191 229 151 261 184 147 237 263 149 259 238 150 260 262] [0 -1 -1 -1] face
[217 188 175 245 222 208 170 244 283 246 213 284 221 193 271 212 192 280 281 267 282 194 268 277 270 264 276 279 266 278 269 272 273 265 275 274] [-1 1 1 -1] face
[226 189 180 250 231 210 171 249 304 251 215 305 230 196 292 214 195 301 302 288 303 197 289 298 291 285 297 300 287 299 290 293 294 286 296 295] [-1 1 -1 -1] face
[219 190 176 256 224 235 185 254 326 255 240 325 223 198 309 239 199 322 324 313 323 200 306 321 308 310 320 319 312 318 307 314 316 311 317 315] [-1 -1 1 -1] face
[228 191 181 261 233 237 186 259 347 260 242 346 232 201 330 241 202 343 345 334 344 203 327 342 329 331 341 340 333 339 328 335 337 332 338 336] [-1 -1 -1 -1] face
[172 212 192 214 195 216 267 288 204 264 285 350 266 287 348 265 286 349] [-1 1 0 -1] face
[177 221 193 223 198 225 271 309 205 268 306 353 270 308 351 269 307 352] [-1 0 1 -1] face
[182 230 196 232 201 234 292 330 206 289 327 356 291 329 354 290 328 355] [-1 0 -1 -1] face
[187 239 199 241 202 243 313 334 207 310 331 359 312 333 357 311 332 358] [-1 -1 0 -1] face
[205 194 268 206 197 289 200 306 203 327 204 264 285 207 310 331 351 272 354 293 314 335 348 357] [-1 0 0 -1] face
[372 395 377 351 269 272 371 393 376 354 290 293 394 375 307 314 392 374 328 335 379 382 352 273 366 369 355 294 381 316 368 337 373 398 348 265 397 286 370 390 357 311 389 332 380 399 275 367 396 296 378 391 317 365 388 338 384 387 349 274 386 295 361 364 358 315 363 336 385 383 362 360] [-1 0 0 0] face
[404 408 403 359 319 312 407 402 340 333 406 405 318 401 400 339 361 364 358 315 363 336 362 360] [-1 -1 0 0] face
[413 417 412 356 298 291 416 411 342 329 415 414 297 410 409 341 366 369 355 294 368 337 367 365] [-1 0 -1 0] face
[426 433 425 423 432 422 431 424 430 421 429 428 427 420 419 418 372 377 371 376 375 374 373 370] [-1 0 0 1] face
[438 442 437 353 277 270 441 436 321 308 440 439 276 435 434 320 379 382 352 273 381 316 380 378] [-1 0 1 0] face
[447 451 446 350 279 266 450 445 300 287 449 448 278 444 443 299 384 387 349 274 386 295 385 383] [-1 1 0 0] face
[456 452 454 343 345 455 453 344 410 409 341 401 400 339 365 388 338 360] [-1 -1 -1 0] face
[464 460 462 457 459 463 461 458 420 419 418 404 403 402 370 390 389 361] [-1 -1 0 1] face
[469 465 467 322 324 468 466 323 435 434 320 406 405 318 378 391 317 362] [-1 -1 1 0] face
[477 473 475 470 472 476 474 471 423 422 421 413 412 411 371 393 392 366] [-1 0 -1 1] face
[484 481 482 478 479 485 483 480 426 425 424 438 437 436 372 395 394 379] [-1 0 1 1] face
[489 486 487 301 302 490 488 303 415 414 297 444 443 299 367 396 296 383] [-1 1 -1 0] face
[497 494 495 491 492 498 496 493 429 428 427 447 446 445 373 398 397 384] [-1 1 0 1] face
[502 499 500 280 281 503 501 282 440 439 276 449 448 278 380 399 275 385] [-1 1 1 0] face
[506 509 515 508 514 505 513 504 511 507 512 510 470 472 471 457 459 452 454 458 453 430 421 416 411 418 409 407 402 400 392 374 368 389 388 363] [-1 -1 -1 1] face
[518 520 526 521 527 516 523 517 525 519 522 524 478 479 480 460 462 465 467 461 466 431 424 441 436 419 434 408 403 405 394 375 381 390 391 364] [-1 -1 1 1] face
[528 532 535 531 534 530 538 529 536 533 539 537 473 475 474 491 492 486 487 493 488 432 422 417 412 427 414 450 445 443 393 376 369 397 396 386] [-1 1 -1 1] face
[540 543 546 544 547 541 548 542 550 545 549 551 481 482 483 494 495 499 500 496 501 433 425 442 437 428 439 451 446 448 395 377 382 398 399 387] [-1 1 1 1] face
[559 560 563 506 509 558 562 508 556 557 505 553 554 504 555 561 507 552] [0 -1 -1 1] face
[570 572 574 518 520 571 575 521 565 566 516 568 569 517 564 573 519 567] [0 -1 1 1] face
[577 578 586 528 532 576 585 531 582 584 530 579 581 529 583 587 533 580] [0 1 -1 1] face
[588 590 597 540 543 589 598 544 591 593 541 594 596 542 592 599 545 595] [0 1 1 1] face
[553 554 603 263 149 153 504 511 259 347 552 601 262 152 510 346 602 604 154 456 452 343 600 455] [0 -1 -1 0] face
[565 566 610 556 557 609 516 523 505 513 564 607 555 606 522 512 608 612 611 464 460 457 605 463] [0 -1 0 1] face
[568 569 616 258 122 126 517 525 254 326 567 614 257 125 524 325 615 617 127 469 465 322 613 468] [0 -1 1 0] face
[577 578 623 559 560 621 528 535 506 515 576 620 558 618 534 514 622 625 624 477 473 470 619 476] [0 0 -1 1] face
[588 590 628 570 572 626 540 546 518 526 589 631 571 629 547 527 627 633 632 484 481 478 630 485] [0 0 1 1] face
[579 581 635 252 63 66 529 536 249 304 580 637 253 67 537 305 634 638 68 489 486 301 636 490] [0 1 -1 0] face
[591 593 641 582 584 639 541 548 530 538 592 644 583 642 549 539 640 646 645 497 494 491 643 498] [0 1 0 1] face
[594 596 647 247 21 24 542 550 244 283 595 649 248 25 551 284 648 651 26 502 499 280 650 503] [0 1 1 0] face
[564 573 607 236 123 121 555 561 606 238 150 148 519 522 255 240 507 512 260 242 567 614 257 125 552 601 262 152 524 325 510 346 605 659 165 112 658 139 463 461 243 313 458 334 613 660 129 600 657 156 468 466 323 455 453 344 653 656 166 128 655 155 404 408 359 319 407 340 654 652 406 401] [0 -1 0 0] face
[576 585 620 227 64 62 558 562 618 229 151 146 531 534 250 231 508 514 261 233 579 635 252 66 553 603 263 153 536 304 511 347 619 666 107 53 663 103 476 474 234 292 471 330 634 669 70 602 661 157 489 487 302 456 454 345 665 668 108 69 664 158 413 417 356 298 416 342 667 662 415 410] [0 0 -1 0] face
[588 597 628 577 586 623 570 574 626 559 563 621 543 546 532 535 520 526 509 515 591 641 582 639 565 610 556 609 548 538 523 513 627 680 622 678 675 673 484 482 477 475 479 472 640 685 684 608 671 670 497 495 492 464 462 459 679 683 677 681 676 674 426 433 423 432 431 430 682 672 429 420] [0 0 0 1] face
[589 598 631 218 22 20 571 575 629 220 124 119 544 547 245 222 521 527 256 224 594 647 247 24 568 616 258 126 550 283 525 326 630 691 98 11 688 94 485 483 225 271 480 309 648 694 28 615 686 130 502 500 281 469 467 324 690 692 99 27 689 131 438 442 353 277 441 321 693 687 440 435] [0 0 1 0] face
[592 599 644 209 23 18 583 587 642 211 65 60 545 549 246 213 533 539 251 215 595 649 248 25 580 637 253 67 551 284 537 305 643 699 45 3 697 39 498 496 216 267 493 288 650 701 29 636 695 71 503 501 282 490 488 303 700 702 46 30 698 72 447 451 350 279 450 300 703 696 449 444] [0 1 0 0] face
[653 656 707 166 128 113 655 706 155 140 654 709 132 652 704 159 708 712 167 133 711 160 710 705] [1 -1 0 0] face
[602 604 661 154 157 600 657 156 662 713 161 652 704 159 715 714 162 705] [1 -1 -1 0] face
[608 612 671 611 670 605 659 658 672 718 716 653 707 706 720 719 717 708] [1 -1 0 1] face
[615 617 686 127 130 613 660 129 687 721 134 654 709 132 723 722 135 710] [1 -1 1 0] face
[560 563 621 562 618 557 609 554 603 561 606 601 624 673 663 611 670 604 661 658 657 674 725 664 724 716 713 655 706 704 726 728 727 717 714 711] [1 -1 -1 1] face
[572 574 626 575 629 566 610 569 616 573 607 614 632 675 688 612 671 617 686 659 660 676 729 689 730 718 721 656 707 709 731 732 733 719 722 712] [1 -1 1 1] face
[622 625 678 624 673 619 666 663 677 736 725 665 734 724 737 738 726 735] [1 0 -1 1] face
[627 633 680 632 675 630 691 688 679 739 729 690 741 730 740 743 731 742] [1 0 1 1] face
[665 668 734 108 69 54 664 724 158 104 667 744 73 662 713 161 735 746 109 74 727 163 745 715] [1 0 -1 0] face
[679 683 739 677 681 736 676 729 674 725 682 749 747 672 718 716 740 751 737 748 732 728 750 720] [1 0 0 1] face
[690 692 741 99 27 12 689 730 131 95 693 752 31 687 721 134 742 753 100 32 733 136 754 723] [1 0 1 0] face
[634 638 669 68 70 636 695 71 667 744 73 696 755 75 745 756 76 757] [1 1 -1 0] face
[578 586 623 585 620 584 639 581 635 587 642 637 625 678 666 645 684 638 669 697 695 681 736 668 734 747 744 698 758 755 738 748 746 759 756 760] [1 1 -1 1] face
[640 646 685 645 684 643 699 697 682 749 747 700 761 758 750 762 759 763] [1 1 0 1] face
[590 597 628 598 631 593 641 596 647 599 644 649 633 680 691 646 685 651 694 699 701 683 739 692 741 749 752 702 761 764 743 751 753 762 765 766] [1 1 1 1] face
[648 651 694 26 28 650 701 29 693 752 31 703 764 33 754 765 34 767] [1 1 1 0] face
[700 702 761 46 30 4 698 758 72 40 703 764 33 696 755 75 763 766 47 35 760 77 767 757] [1 1 0 0] face
[740 743 751 80 13 8 737 738 748 83 55 50 731 732 96 86 726 728 105 89 742 753 100 32 735 746 109 74 733 136 727 163 750 762 43 5 759 41 720 719 91 114 717 141 754 765 34 745 756 76 723 722 135 715 714 162 763 766 47 35 760 77 708 712 167 133 711 160 767 757 710 705] [1 0 0 0] face
]
shape [0.5 0.5 0.5 0.5] translate [0.5 0.5 0.5 0.5] aligncenter "omnitruncated-tesseract" def

