[
[0 1.4142135623730954 1.4142135623730954 2.8284271247461907]
[0 1.4142135623730954 1.4142135623730954 -2.8284271247461907]
[0 1.4142135623730954 -1.4142135623730954 2.8284271247461907]
[0 1.4142135623730954 -1.4142135623730954 -2.8284271247461907]
[0 -1.4142135623730954 1.4142135623730954 2.8284271247461907]
[0 -1.4142135623730954 1.4142135623730954 -2.8284271247461907]
[0 -1.4142135623730954 -1.4142135623730954 2.8284271247461907]
[0 -1.4142135623730954 -1.4142135623730954 -2.8284271247461907]
[0 1.4142135623730954 2.8284271247461907 1.4142135623730954]
[0 1.4142135623730954 2.8284271247461907 -1.4142135623730954]
[0 1.4142135623730954 -2.8284271247461907 1.4142135623730954]
[0 1.4142135623730954 -2.8284271247461907 -1.4142135623730954]
[0 -1.4142135623730954 2.8284271247461907 1.4142135623730954]
[0 -1.4142135623730954 2.8284271247461907 -1.4142135623730954]
[0 -1.4142135623730954 -2.8284271247461907 1.4142135623730954]
[0 -1.4142135623730954 -2.8284271247461907 -1.4142135623730954]
[0 2.8284271247461907 1.4142135623730954 1.4142135623730954]
[0 2.8284271247461907 1.4142135623730954 -1.4142135623730954]
[0 2.8284271247461907 -1.4142135623730954 1.4142135623730954]
[0 2.8284271247461907 -1.4142135623730954 -1.4142135623730954]
[0 -2.8284271247461907 1.4142135623730954 1.4142135623730954]
[0 -2.8284271247461907 1.4142135623730954 -1.4142135623730954]
[0 -2.8284271247461907 -1.4142135623730954 1.4142135623730954]
[0 -2.8284271247461907 -1.4142135623730954 -1.4142135623730954]
[1.4142135623730954 0 1.4142135623730954 2.8284271247461907]
[1.4142135623730954 0 1.4142135623730954 -2.8284271247461907]
[1.4142135623730954 0 -1.4142135623730954 2.8284271247461907]
[1.4142135623730954 0 -1.4142135623730954 -2.8284271247461907]
[-1.4142135623730954 0 1.4142135623730954 2.8284271247461907]
[-1.4142135623730954 0 1.4142135623730954 -2.8284271247461907]
[-1.4142135623730954 0 -1.4142135623730954 2.8284271247461907]
[-1.4142135623730954 0 -1.4142135623730954 -2.8284271247461907]
[1.4142135623730954 0 2.8284271247461907 1.4142135623730954]
[1.4142135623730954 0 2.8284271247461907 -1.4142135623730954]
[1.4142135623730954 0 -2.8284271247461907 1.4142135623730954]
[1.4142135623730954 0 -2.8284271247461907 -1.4142135623730954]
[-1.4142135623730954 0 2.8284271247461907 1.4142135623730954]
[-1.4142135623730954 0 2.8284271247461907 -1.4142135623730954]
[-1.4142135623730954 0 -2.8284271247461907 1.4142135623730954]
[-1.4142135623730954 0 -2.8284271247461907 -1.4142135623730954]
[1.4142135623730954 1.4142135623730954 0 2.8284271247461907]
[1.4142135623730954 1.4142135623730954 0 -2.8284271247461907]
[1.4142135623730954 -1.4142135623730954 0 2.8284271247461907]
[1.4142135623730954 -1.4142135623730954 0 -2.8284271247461907]
[-1.4142135623730954 1.4142135623730954 0 2.8284271247461907]
[-1.4142135623730954 1.4142135623730954 0 -2.8284271247461907]
[-1.4142135623730954 -1.4142135623730954 0 2.8284271247461907]
[-1.4142135623730954 -1.4142135623730954 0 -2.8284271247461907]
[1.4142135623730954 1.4142135623730954 2.8284271247461907 0]
[1.4142135623730954 1.4142135623730954 -2.8284271247461907 0]
[1.4142135623730954 -1.4142135623730954 2.8284271247461907 0]
[1.4142135623730954 -1.4142135623730954 -2.8284271247461907 0]
[-1.4142135623730954 1.4142135623730954 2.8284271247461907 0]
[-1.4142135623730954 1.4142135623730954 -2.8284271247461907 0]
[-1.4142135623730954 -1.4142135623730954 2.8284271247461907 0]
[-1.4142135623730954 -1.4142135623730954 -2.8284271247461907 0]
[1.4142135623730954 2.8284271247461907 0 1.4142135623730954]
[1.4142135623730954 2.8284271247461907 0 -1.4142135623730954]
[1.4142135623730954 -2.8284271247461907 0 1.4142135623730954]
[1.4142135623730954 -2.8284271247461907 0 -1.4142135623730954]
[-1.4142135623730954 2.8284271247461907 0 1.4142135623730954]
[-1.4142135623730954 2.8284271247461907 0 -1.4142135623730954]
[-1.4142135623730954 -2.8284271247461907 0 1.4142135623730954]
[-1.4142135623730954 -2.8284271247461907 0 -1.4142135623730954]
[1.4142135623730954 2.8284271247461907 1.4142135623730954 0]
[1.4142135623730954 2.8284271247461907 -1.4142135623730954 0]
[1.4142135623730954 -2.8284271247461907 1.4142135623730954 0]
[1.4142135623730954 -2.8284271247461907 -1.4142135623730954 0]
[-1.4142135623730954 2.8284271247461907 1.4142135623730954 0]
[-1.4142135623730954 2.8284271247461907 -1.4142135623730954 0]
[-1.4142135623730954 -2.8284271247461907 1.4142135623730954 0]
[-1.4142135623730954 -2.8284271247461907 -1.4142135623730954 0]
[2.8284271247461907 0 1.4142135623730954 1.4142135623730954]
[2.8284271247461907 0 1.4142135623730954 -1.4142135623730954]
[2.8284271247461907 0 -1.4142135623730954 1.4142135623730954]
[2.8284271247461907 0 -1.4142135623730954 -1.4142135623730954]
[-2.8284271247461907 0 1.4142135623730954 1.4142135623730954]
[-2.8284271247461907 0 1.4142135623730954 -1.4142135623730954]
[-2.8284271247461907 0 -1.4142135623730954 1.4142135623730954]
[-2.8284271247461907 0 -1.4142135623730954 -1.4142135623730954]
[2.8284271247461907 1.4142135623730954 0 1.4142135623730954]
[2.8284271247461907 1.4142135623730954 0 -1.4142135623730954]
[2.8284271247461907 -1.4142135623730954 0 1.4142135623730954]
[2.8284271247461907 -1.4142135623730954 0 -1.4142135623730954]
[-2.8284271247461907 1.4142135623730954 0 1.4142135623730954]
[-2.8284271247461907 1.4142135623730954 0 -1.4142135623730954]
[-2.8284271247461907 -1.4142135623730954 0 1.4142135623730954]
[-2.8284271247461907 -1.4142135623730954 0 -1.4142135623730954]
[2.8284271247461907 1.4142135623730954 1.4142135623730954 0]
[2.8284271247461907 1.4142135623730954 -1.4142135623730954 0]
[2.8284271247461907 -1.4142135623730954 1.4142135623730954 0]
[2.8284271247461907 -1.4142135623730954 -1.4142135623730954 0]
[-2.8284271247461907 1.4142135623730954 1.4142135623730954 0]
[-2.8284271247461907 1.4142135623730954 -1.4142135623730954 0]
[-2.8284271247461907 -1.4142135623730954 1.4142135623730954 0]
[-2.8284271247461907 -1.4142135623730954 -1.4142135623730954 0]
][
26 40 edge
26 74 edge
40 80 edge
74 80 edge
26 42 edge
24 42 edge
24 40 edge
42 82 edge
74 82 edge
24 72 edge
72 82 edge
72 80 edge
34 49 edge
34 74 edge
49 89 edge
74 89 edge
2 40 edge
2 18 edge
18 56 edge
40 56 edge
10 49 edge
10 18 edge
18 65 edge
49 65 edge
2 26 edge
10 34 edge
2 10 edge
26 34 edge
56 65 edge
65 89 edge
56 80 edge
80 89 edge
35 51 edge
51 91 edge
35 75 edge
75 91 edge
34 51 edge
35 49 edge
74 91 edge
75 89 edge
43 59 edge
59 83 edge
43 83 edge
5 13 edge
5 25 edge
13 33 edge
25 33 edge
5 21 edge
13 21 edge
21 59 edge
21 66 edge
59 66 edge
5 43 edge
13 50 edge
50 66 edge
25 43 edge
33 50 edge
66 90 edge
83 90 edge
50 90 edge
25 73 edge
73 83 edge
33 73 edge
73 90 edge
15 35 edge
15 51 edge
7 15 edge
7 27 edge
27 35 edge
15 23 edge
23 67 edge
51 67 edge
7 23 edge
23 59 edge
59 67 edge
7 43 edge
27 43 edge
67 91 edge
83 91 edge
27 75 edge
75 83 edge
2 44 edge
0 44 edge
0 40 edge
44 60 edge
18 60 edge
16 60 edge
0 16 edge
16 56 edge
11 53 edge
10 53 edge
11 49 edge
53 69 edge
19 69 edge
11 19 edge
18 69 edge
19 65 edge
6 46 edge
4 46 edge
6 42 edge
4 42 edge
30 46 edge
28 46 edge
30 44 edge
28 44 edge
6 30 edge
4 28 edge
2 30 edge
0 28 edge
6 26 edge
4 24 edge
0 24 edge
11 39 edge
15 39 edge
11 35 edge
15 55 edge
14 55 edge
14 51 edge
39 53 edge
39 55 edge
38 55 edge
38 53 edge
14 38 edge
10 38 edge
14 34 edge
29 37 edge
1 29 edge
9 37 edge
1 9 edge
5 29 edge
13 37 edge
1 25 edge
9 33 edge
31 39 edge
3 31 edge
3 11 edge
7 31 edge
3 27 edge
46 62 edge
22 62 edge
6 22 edge
20 62 edge
4 20 edge
22 58 edge
20 58 edge
42 58 edge
55 71 edge
23 71 edge
22 71 edge
14 22 edge
22 67 edge
45 85 edge
61 85 edge
45 61 edge
29 77 edge
37 77 edge
77 85 edge
77 92 edge
85 92 edge
29 45 edge
52 92 edge
37 52 edge
68 92 edge
61 68 edge
52 68 edge
1 45 edge
9 52 edge
17 61 edge
1 17 edge
17 68 edge
9 17 edge
39 79 edge
31 79 edge
79 93 edge
53 93 edge
79 85 edge
85 93 edge
31 45 edge
69 93 edge
61 69 edge
3 45 edge
19 61 edge
3 19 edge
63 87 edge
47 87 edge
47 63 edge
87 94 edge
77 87 edge
77 94 edge
70 94 edge
63 70 edge
29 47 edge
54 94 edge
37 54 edge
54 70 edge
21 63 edge
21 70 edge
5 47 edge
13 54 edge
79 95 edge
55 95 edge
87 95 edge
79 87 edge
71 95 edge
63 71 edge
31 47 edge
23 63 edge
7 47 edge
78 86 edge
76 86 edge
78 84 edge
76 84 edge
46 86 edge
30 78 edge
28 76 edge
44 84 edge
78 95 edge
78 93 edge
38 78 edge
86 95 edge
86 94 edge
76 94 edge
76 92 edge
84 93 edge
84 92 edge
62 86 edge
62 71 edge
62 70 edge
36 76 edge
36 54 edge
36 52 edge
60 84 edge
60 69 edge
60 68 edge
30 38 edge
6 14 edge
28 36 edge
20 70 edge
12 54 edge
12 20 edge
12 36 edge
4 12 edge
8 36 edge
0 8 edge
8 52 edge
16 68 edge
8 16 edge
20 66 edge
58 67 edge
58 66 edge
12 50 edge
12 32 edge
8 32 edge
24 32 edge
3 41 edge
1 41 edge
27 41 edge
25 41 edge
9 48 edge
8 48 edge
32 50 edge
33 48 edge
32 48 edge
19 57 edge
17 57 edge
41 57 edge
17 64 edge
16 64 edge
48 64 edge
57 65 edge
57 64 edge
56 64 edge
58 82 edge
82 91 edge
82 90 edge
32 72 edge
72 90 edge
41 81 edge
75 81 edge
73 81 edge
57 81 edge
81 89 edge
48 88 edge
73 88 edge
64 88 edge
81 88 edge
72 88 edge
80 88 edge
][
[6 5 9 0 4 1 2 7 11 10 3 8] [1 0 0 1] face
[26 17 24 16 21 25 20 18 22 27 0 1 12 13 19 2 23 14 28 30 29 3 15 31] [1 1 -1 1] face
[12 36 13 37 32 34 14 33 15 38 39 35] [1 0 -1 0] face
[43 47 44 52 48 45 53 49 50 46 55 60 56 62 40 42 54 59 51 41 57 61 63 58] [1 -1 1 -1] face
[66 72 67 75 69 64 65 73 70 68 76 79 32 34 40 42 71 33 74 41 77 80 35 78] [1 -1 -1 -1] face
[87 83 82 17 16 81 88 86 18 85 19 84] [0 1 0 1] face
[21 20 90 94 91 89 22 95 96 93 23 92] [0 1 -1 0] face
[111 108 83 82 24 107 16 81 110 106 100 98 109 105 99 97 6 5 0 4 104 102 103 101] [0 0 0 1] face
[25 123 20 90 114 112 91 89 124 122 117 116 64 113 65 115 12 36 37 32 121 120 118 119] [0 0 -1 0] face
[128 131 126 43 44 129 132 127 45 130 46 125] [0 0 1 -1] face
[135 137 134 66 67 136 114 112 64 113 68 133] [0 0 -1 -1] face
[142 100 98 140 99 97 144 141 143 139 145 138] [0 -1 0 1] face
[149 117 116 69 65 115 150 148 70 147 71 146] [0 -1 -1 0] face
[128 168 126 165 170 127 166 167 169 125 159 154 161 155 153 151 164 160 163 152 162 156 157 158] [-1 1 1 -1] face
[135 182 134 180 94 112 89 181 93 133 177 172 118 171 153 151 92 174 179 152 178 175 173 176] [-1 1 -1 -1] face
[43 47 129 197 48 130 198 195 196 125 191 154 193 155 185 184 194 192 190 183 189 187 188 186] [-1 -1 1 -1] face
[66 72 136 207 69 113 115 206 147 133 205 172 119 171 185 184 146 200 204 183 203 202 199 201] [-1 -1 -1 -1] face
[104 102 214 103 101 213 215 212 211 209 210 208] [-1 0 0 1] face
[121 120 218 118 119 171 174 200 217 216 173 199] [-1 0 -1 0] face
[211 209 222 221 156 187 157 188 210 208 217 216 175 202 173 199 224 223 158 176 220 219 186 201] [-1 0 0 0] face
[227 226 225 190 204 183 189 203 220 219 186 201] [-1 -1 0 0] face
[159 191 154 177 205 172 151 184 156 187 175 202] [-1 0 0 -1] face
[230 229 228 161 193 155 160 192 222 221 157 188] [-1 0 1 0] face
[233 232 231 163 179 152 162 178 224 223 158 176] [-1 1 0 0] face
[235 140 105 97 149 122 116 139 148 234 101 213 120 218 138 212 146 200 226 225 203 208 216 219] [-1 -1 -1 1] face
[241 142 106 98 239 240 238 141 237 236 102 214 229 228 138 212 194 192 227 225 189 209 221 220] [-1 -1 1 1] face
[26 17 107 81 21 123 90 85 95 234 103 213 121 218 84 215 92 174 232 231 178 210 217 223] [-1 1 -1 1] face
[243 87 108 82 246 242 244 86 245 236 104 214 230 228 84 215 164 160 233 231 162 211 222 224] [-1 1 1 1] face
[144 141 247 237 49 195 50 196 143 139 150 148 73 206 70 147 249 248 51 74 227 226 190 204] [0 -1 0 0] face
[47 52 197 72 75 207 49 195 73 206 40 185] [0 -1 0 -1] face
[239 250 238 48 53 198 247 237 50 196 54 194] [0 -1 1 0] face
[26 24 107 235 109 105 25 123 124 122 27 234] [0 0 -1 1] face
[243 111 108 241 110 106 252 242 251 240 253 236] [0 0 1 1] face
[131 126 255 165 137 134 254 180 44 129 52 197 67 136 75 207 257 55 256 76 159 191 177 205] [0 0 0 -1] face
[252 242 259 244 132 127 258 166 251 240 250 238 45 130 53 198 262 260 261 56 230 229 161 193] [0 0 1 0] face
[168 255 165 182 254 180 264 167 263 181 265 153] [0 1 0 -1] face
[246 259 244 170 258 166 267 245 266 169 268 164] [0 1 1 0] face
[88 86 267 245 264 167 266 169 18 85 22 95 263 181 96 93 271 28 270 269 233 232 163 179] [0 1 0 0] face
[249 248 272 51 74 41 57 77 274 273 58 78] [1 -1 0 0] face
[235 140 109 99 149 124 117 143 150 27 4 1 36 13 145 7 71 33 248 272 77 8 38 273] [1 -1 -1 1] face
[241 142 110 100 239 251 250 144 247 253 5 9 260 275 145 7 54 59 249 272 57 10 276 274] [1 -1 1 1] face
[257 55 60 256 76 79 277 42 279 61 278 80] [1 0 0 -1] face
[135 182 137 254 94 114 91 263 96 68 256 79 37 34 265 277 23 14 269 280 29 278 39 281] [1 1 -1 -1] face
[128 168 131 255 170 132 258 264 266 46 257 60 261 62 265 277 268 282 270 280 284 279 283 285] [1 1 1 -1] face
[262 260 275 261 56 62 282 59 286 276 283 63] [1 0 1 0] face
[243 87 111 83 246 252 259 88 267 253 6 9 262 275 19 2 268 282 271 30 284 11 286 287] [1 1 1 1] face
[271 28 30 270 269 280 284 29 287 31 285 281] [1 1 0 0] face
[11 10 286 276 279 61 283 63 3 8 15 38 278 80 39 35 287 31 285 281 274 273 58 78] [1 0 0 0] face
]
shape [0.5 0.5 0.5 0.5] translate [0.5 0.5 0.5 0.5] aligncenter "rectified-24cell" def

