[
[0 1.4142135623730951 1.4142135623730951 1.4142135623730951]
[0 1.4142135623730951 1.4142135623730951 -1.4142135623730951]
[0 1.4142135623730951 -1.4142135623730951 1.4142135623730951]
[0 1.4142135623730951 -1.4142135623730951 -1.4142135623730951]
[0 -1.4142135623730951 1.4142135623730951 1.4142135623730951]
[0 -1.4142135623730951 1.4142135623730951 -1.4142135623730951]
[0 -1.4142135623730951 -1.4142135623730951 1.4142135623730951]
[0 -1.4142135623730951 -1.4142135623730951 -1.4142135623730951]
[1.4142135623730951 0 1.4142135623730951 1.4142135623730951]
[1.4142135623730951 0 1.4142135623730951 -1.4142135623730951]
[1.4142135623730951 0 -1.4142135623730951 1.4142135623730951]
[1.4142135623730951 0 -1.4142135623730951 -1.4142135623730951]
[-1.4142135623730951 0 1.4142135623730951 1.4142135623730951]
[-1.4142135623730951 0 1.4142135623730951 -1.4142135623730951]
[-1.4142135623730951 0 -1.4142135623730951 1.4142135623730951]
[-1.4142135623730951 0 -1.4142135623730951 -1.4142135623730951]
[1.4142135623730951 1.4142135623730951 0 1.4142135623730951]
[1.4142135623730951 1.4142135623730951 0 -1.4142135623730951]
[1.4142135623730951 -1.4142135623730951 0 1.4142135623730951]
[1.4142135623730951 -1.4142135623730951 0 -1.4142135623730951]
[-1.4142135623730951 1.4142135623730951 0 1.4142135623730951]
[-1.4142135623730951 1.4142135623730951 0 -1.4142135623730951]
[-1.4142135623730951 -1.4142135623730951 0 1.4142135623730951]
[-1.4142135623730951 -1.4142135623730951 0 -1.4142135623730951]
[1.4142135623730951 1.4142135623730951 1.4142135623730951 0]
[1.4142135623730951 1.4142135623730951 -1.4142135623730951 0]
[1.4142135623730951 -1.4142135623730951 1.4142135623730951 0]
[1.4142135623730951 -1.4142135623730951 -1.4142135623730951 0]
[-1.4142135623730951 1.4142135623730951 1.4142135623730951 0]
[-1.4142135623730951 1.4142135623730951 -1.4142135623730951 0]
[-1.4142135623730951 -1.4142135623730951 1.4142135623730951 0]
[-1.4142135623730951 -1.4142135623730951 -1.4142135623730951 0]
][
2 10 edge
2 16 edge
10 16 edge
6 14 edge
2 14 edge
6 10 edge
14 22 edge
12 22 edge
14 20 edge
12 20 edge
6 22 edge
4 22 edge
4 12 edge
2 20 edge
0 12 edge
0 20 edge
6 18 edge
4 18 edge
10 18 edge
4 8 edge
8 18 edge
0 8 edge
0 16 edge
8 16 edge
2 25 edge
10 25 edge
16 25 edge
7 27 edge
7 11 edge
11 27 edge
15 29 edge
3 15 edge
3 29 edge
15 31 edge
14 31 edge
14 29 edge
7 31 edge
7 15 edge
6 31 edge
2 29 edge
6 27 edge
10 27 edge
3 11 edge
3 25 edge
11 25 edge
5 19 edge
5 26 edge
19 26 edge
5 9 edge
9 19 edge
9 26 edge
7 19 edge
19 27 edge
11 19 edge
13 21 edge
13 28 edge
21 28 edge
1 13 edge
1 21 edge
1 28 edge
15 21 edge
21 29 edge
3 21 edge
23 30 edge
13 23 edge
13 30 edge
5 23 edge
5 30 edge
5 13 edge
23 31 edge
15 23 edge
22 31 edge
22 30 edge
12 30 edge
20 29 edge
12 28 edge
20 28 edge
7 23 edge
4 30 edge
0 28 edge
18 27 edge
4 26 edge
18 26 edge
8 26 edge
3 17 edge
11 17 edge
17 25 edge
1 9 edge
1 17 edge
9 17 edge
1 24 edge
9 24 edge
17 24 edge
0 24 edge
8 24 edge
16 24 edge
][
[21 14 22 15 0 4 1 13 19 12 17 11 5 3 16 10 23 20 2 18 9 7 8 6] [0 0 0 1] face
[0 1 24 2 25 26] [1 1 -1 1] face
[0 4 24 39 42 31 43 32 5 3 40 38 28 37 27 36 25 41 44 29 35 34 30 33] [0 0 -1 0] face
[48 45 46 49 50 47] [1 -1 1 -1] face
[28 51 27 53 29 52] [1 -1 -1 -1] face
[57 58 59 54 55 56] [-1 1 1 -1] face
[31 62 32 60 30 61] [-1 1 -1 -1] face
[68 66 67 64 65 63] [-1 -1 1 -1] face
[9 7 75 73 54 64 55 65 8 6 35 34 60 70 30 33 76 74 56 61 72 71 63 69] [-1 0 0 0] face
[37 77 36 70 33 69] [-1 -1 -1 -1] face
[3 10 38 6 34 71] [-1 -1 -1 1] face
[12 11 78 7 73 72] [-1 -1 1 1] face
[4 13 39 8 35 74] [-1 1 -1 1] face
[14 15 79 9 75 76] [-1 1 1 1] face
[17 11 81 78 45 66 46 67 16 10 40 38 51 77 27 36 82 80 47 52 72 71 63 69] [0 -1 0 0] face
[5 16 40 18 41 80] [1 -1 -1 1] face
[19 17 81 20 83 82] [1 -1 1 1] face
[42 84 43 85 44 86] [1 1 -1 -1] face
[87 57 88 58 42 31 84 62 48 68 45 66 28 37 51 77 89 49 85 53 54 64 60 70] [0 0 0 -1] face
[87 88 90 89 91 92] [1 1 1 -1] face
[21 22 93 23 94 95] [1 1 1 1] face
[21 14 93 79 87 57 90 59 19 12 81 78 48 68 46 67 94 83 91 50 75 73 55 65] [0 0 1 0] face
[22 15 93 79 88 58 90 59 1 13 24 39 84 62 43 32 95 26 92 86 76 74 56 61] [0 1 0 0] face
[23 20 94 83 89 49 91 50 2 18 25 41 85 53 44 29 95 26 92 86 82 80 47 52] [1 0 0 0] face
]
shape [0.5 0.5 0.5 0.5] translate [0.5 0.5 0.5 0.5] aligncenter "rectified-tesseract" def

