[
[0 0 1.4142135623730954 3.414213562373095]
[0 0 1.4142135623730954 -3.414213562373095]
[0 0 -1.4142135623730954 3.414213562373095]
[0 0 -1.4142135623730954 -3.414213562373095]
[0 0 3.414213562373095 1.4142135623730954]
[0 0 3.414213562373095 -1.4142135623730954]
[0 0 -3.414213562373095 1.4142135623730954]
[0 0 -3.414213562373095 -1.4142135623730954]
[0 1.4142135623730954 0 3.414213562373095]
[0 1.4142135623730954 0 -3.414213562373095]
[0 -1.4142135623730954 0 3.414213562373095]
[0 -1.4142135623730954 0 -3.414213562373095]
[0 1.4142135623730954 3.414213562373095 0]
[0 1.4142135623730954 -3.414213562373095 0]
[0 -1.4142135623730954 3.414213562373095 0]
[0 -1.4142135623730954 -3.414213562373095 0]
[0 3.414213562373095 0 1.4142135623730954]
[0 3.414213562373095 0 -1.4142135623730954]
[0 -3.414213562373095 0 1.4142135623730954]
[0 -3.414213562373095 0 -1.4142135623730954]
[0 3.414213562373095 1.4142135623730954 0]
[0 3.414213562373095 -1.4142135623730954 0]
[0 -3.414213562373095 1.4142135623730954 0]
[0 -3.414213562373095 -1.4142135623730954 0]
[1.4142135623730954 0 0 3.414213562373095]
[1.4142135623730954 0 0 -3.414213562373095]
[-1.4142135623730954 0 0 3.414213562373095]
[-1.4142135623730954 0 0 -3.414213562373095]
[1.4142135623730954 0 3.414213562373095 0]
[1.4142135623730954 0 -3.414213562373095 0]
[-1.4142135623730954 0 3.414213562373095 0]
[-1.4142135623730954 0 -3.414213562373095 0]
[1.4142135623730954 3.414213562373095 0 0]
[1.4142135623730954 -3.414213562373095 0 0]
[-1.4142135623730954 3.414213562373095 0 0]
[-1.4142135623730954 -3.414213562373095 0 0]
[3.414213562373095 0 0 1.4142135623730954]
[3.414213562373095 0 0 -1.4142135623730954]
[-3.414213562373095 0 0 1.4142135623730954]
[-3.414213562373095 0 0 -1.4142135623730954]
[3.414213562373095 0 1.4142135623730954 0]
[3.414213562373095 0 -1.4142135623730954 0]
[-3.414213562373095 0 1.4142135623730954 0]
[-3.414213562373095 0 -1.4142135623730954 0]
[3.414213562373095 1.4142135623730954 0 0]
[3.414213562373095 -1.4142135623730954 0 0]
[-3.414213562373095 1.4142135623730954 0 0]
[-3.414213562373095 -1.4142135623730954 0 0]
[1 1 2.414213562373095 2.414213562373095]
[1 1 2.414213562373095 -2.414213562373095]
[1 1 -2.414213562373095 2.414213562373095]
[1 1 -2.414213562373095 -2.414213562373095]
[1 -1 2.414213562373095 2.414213562373095]
[1 -1 2.414213562373095 -2.414213562373095]
[1 -1 -2.414213562373095 2.414213562373095]
[1 -1 -2.414213562373095 -2.414213562373095]
[-1 1 2.414213562373095 2.414213562373095]
[-1 1 2.414213562373095 -2.414213562373095]
[-1 1 -2.414213562373095 2.414213562373095]
[-1 1 -2.414213562373095 -2.414213562373095]
[-1 -1 2.414213562373095 2.414213562373095]
[-1 -1 2.414213562373095 -2.414213562373095]
[-1 -1 -2.414213562373095 2.414213562373095]
[-1 -1 -2.414213562373095 -2.414213562373095]
[1 2.414213562373095 1 2.414213562373095]
[1 2.414213562373095 1 -2.414213562373095]
[1 2.414213562373095 -1 2.414213562373095]
[1 2.414213562373095 -1 -2.414213562373095]
[1 -2.414213562373095 1 2.414213562373095]
[1 -2.414213562373095 1 -2.414213562373095]
[1 -2.414213562373095 -1 2.414213562373095]
[1 -2.414213562373095 -1 -2.414213562373095]
[-1 2.414213562373095 1 2.414213562373095]
[-1 2.414213562373095 1 -2.414213562373095]
[-1 2.414213562373095 -1 2.414213562373095]
[-1 2.414213562373095 -1 -2.414213562373095]
[-1 -2.414213562373095 1 2.414213562373095]
[-1 -2.414213562373095 1 -2.414213562373095]
[-1 -2.414213562373095 -1 2.414213562373095]
[-1 -2.414213562373095 -1 -2.414213562373095]
[1 2.414213562373095 2.414213562373095 1]
[1 2.414213562373095 2.414213562373095 -1]
[1 2.414213562373095 -2.414213562373095 1]
[1 2.414213562373095 -2.414213562373095 -1]
[1 -2.414213562373095 2.414213562373095 1]
[1 -2.414213562373095 2.414213562373095 -1]
[1 -2.414213562373095 -2.414213562373095 1]
[1 -2.414213562373095 -2.414213562373095 -1]
[-1 2.414213562373095 2.414213562373095 1]
[-1 2.414213562373095 2.414213562373095 -1]
[-1 2.414213562373095 -2.414213562373095 1]
[-1 2.414213562373095 -2.414213562373095 -1]
[-1 -2.414213562373095 2.414213562373095 1]
[-1 -2.414213562373095 2.414213562373095 -1]
[-1 -2.414213562373095 -2.414213562373095 1]
[-1 -2.414213562373095 -2.414213562373095 -1]
[2.414213562373095 1 1 2.414213562373095]
[2.414213562373095 1 1 -2.414213562373095]
[2.414213562373095 1 -1 2.414213562373095]
[2.414213562373095 1 -1 -2.414213562373095]
[2.414213562373095 -1 1 2.414213562373095]
[2.414213562373095 -1 1 -2.414213562373095]
[2.414213562373095 -1 -1 2.414213562373095]
[2.414213562373095 -1 -1 -2.414213562373095]
[-2.414213562373095 1 1 2.414213562373095]
[-2.414213562373095 1 1 -2.414213562373095]
[-2.414213562373095 1 -1 2.414213562373095]
[-2.414213562373095 1 -1 -2.414213562373095]
[-2.414213562373095 -1 1 2.414213562373095]
[-2.414213562373095 -1 1 -2.414213562373095]
[-2.414213562373095 -1 -1 2.414213562373095]
[-2.414213562373095 -1 -1 -2.414213562373095]
[2.414213562373095 1 2.414213562373095 1]
[2.414213562373095 1 2.414213562373095 -1]
[2.414213562373095 1 -2.414213562373095 1]
[2.414213562373095 1 -2.414213562373095 -1]
[2.414213562373095 -1 2.414213562373095 1]
[2.414213562373095 -1 2.414213562373095 -1]
[2.414213562373095 -1 -2.414213562373095 1]
[2.414213562373095 -1 -2.414213562373095 -1]
[-2.414213562373095 1 2.414213562373095 1]
[-2.414213562373095 1 2.414213562373095 -1]
[-2.414213562373095 1 -2.414213562373095 1]
[-2.414213562373095 1 -2.414213562373095 -1]
[-2.414213562373095 -1 2.414213562373095 1]
[-2.414213562373095 -1 2.414213562373095 -1]
[-2.414213562373095 -1 -2.414213562373095 1]
[-2.414213562373095 -1 -2.414213562373095 -1]
[2.414213562373095 2.414213562373095 1 1]
[2.414213562373095 2.414213562373095 1 -1]
[2.414213562373095 2.414213562373095 -1 1]
[2.414213562373095 2.414213562373095 -1 -1]
[2.414213562373095 -2.414213562373095 1 1]
[2.414213562373095 -2.414213562373095 1 -1]
[2.414213562373095 -2.414213562373095 -1 1]
[2.414213562373095 -2.414213562373095 -1 -1]
[-2.414213562373095 2.414213562373095 1 1]
[-2.414213562373095 2.414213562373095 1 -1]
[-2.414213562373095 2.414213562373095 -1 1]
[-2.414213562373095 2.414213562373095 -1 -1]
[-2.414213562373095 -2.414213562373095 1 1]
[-2.414213562373095 -2.414213562373095 1 -1]
[-2.414213562373095 -2.414213562373095 -1 1]
[-2.414213562373095 -2.414213562373095 -1 -1]
][
40 116 edge
100 116 edge
36 100 edge
36 40 edge
40 45 edge
45 132 edge
116 132 edge
100 132 edge
36 45 edge
112 116 edge
40 112 edge
96 100 edge
96 112 edge
36 96 edge
40 117 edge
116 117 edge
113 117 edge
40 113 edge
28 113 edge
28 117 edge
28 116 edge
28 112 edge
112 113 edge
45 133 edge
117 133 edge
132 133 edge
37 101 edge
101 117 edge
37 40 edge
97 101 edge
37 97 edge
97 113 edge
37 45 edge
101 133 edge
37 103 edge
103 119 edge
41 119 edge
37 41 edge
45 135 edge
103 135 edge
119 135 edge
41 45 edge
99 103 edge
37 99 edge
99 115 edge
115 119 edge
41 115 edge
101 103 edge
97 99 edge
25 97 edge
25 101 edge
25 99 edge
25 103 edge
133 135 edge
33 133 edge
33 135 edge
33 134 edge
134 135 edge
33 132 edge
132 134 edge
45 134 edge
65 129 edge
65 81 edge
81 129 edge
17 32 edge
17 65 edge
32 129 edge
17 20 edge
20 81 edge
20 32 edge
65 97 edge
97 129 edge
49 113 edge
49 81 edge
81 113 edge
49 97 edge
49 65 edge
113 129 edge
67 131 edge
65 67 edge
129 131 edge
67 99 edge
99 131 edge
17 67 edge
32 131 edge
67 83 edge
83 131 edge
17 21 edge
21 83 edge
21 32 edge
51 99 edge
51 67 edge
51 115 edge
51 83 edge
83 115 edge
115 131 edge
5 28 edge
5 49 edge
5 12 edge
12 28 edge
12 81 edge
49 53 edge
53 117 edge
5 53 edge
53 101 edge
1 25 edge
1 49 edge
9 25 edge
9 65 edge
1 9 edge
1 53 edge
9 67 edge
3 25 edge
3 51 edge
3 9 edge
51 55 edge
55 103 edge
3 55 edge
55 119 edge
7 29 edge
7 51 edge
29 115 edge
7 13 edge
13 83 edge
13 29 edge
7 55 edge
29 119 edge
53 85 edge
85 117 edge
5 14 edge
14 28 edge
14 85 edge
69 101 edge
53 69 edge
69 133 edge
69 85 edge
85 133 edge
11 25 edge
11 69 edge
1 11 edge
71 103 edge
69 71 edge
71 135 edge
11 71 edge
55 71 edge
3 11 edge
55 87 edge
87 119 edge
71 87 edge
87 135 edge
7 15 edge
15 87 edge
15 29 edge
19 33 edge
19 69 edge
19 22 edge
22 33 edge
22 85 edge
19 71 edge
19 23 edge
23 33 edge
23 87 edge
5 30 edge
14 30 edge
4 30 edge
4 14 edge
12 30 edge
4 12 edge
4 28 edge
1 27 edge
11 27 edge
3 27 edge
9 27 edge
18 35 edge
23 35 edge
18 23 edge
19 35 edge
22 35 edge
18 22 edge
18 33 edge
81 89 edge
49 57 edge
57 89 edge
5 57 edge
12 89 edge
65 73 edge
73 89 edge
17 73 edge
20 89 edge
57 73 edge
9 73 edge
1 57 edge
67 75 edge
9 75 edge
17 75 edge
73 75 edge
51 59 edge
59 75 edge
3 59 edge
83 91 edge
75 91 edge
21 91 edge
59 91 edge
7 59 edge
13 91 edge
53 61 edge
1 61 edge
5 61 edge
57 61 edge
55 63 edge
7 63 edge
3 63 edge
59 63 edge
69 77 edge
61 77 edge
11 77 edge
85 93 edge
61 93 edge
14 93 edge
77 93 edge
87 95 edge
63 95 edge
15 95 edge
71 79 edge
63 79 edge
11 79 edge
79 95 edge
19 77 edge
22 93 edge
19 79 edge
77 79 edge
23 95 edge
34 138 edge
74 138 edge
16 34 edge
16 74 edge
72 74 edge
136 138 edge
34 136 edge
72 136 edge
16 72 edge
90 138 edge
21 34 edge
21 90 edge
74 90 edge
16 21 edge
90 91 edge
91 139 edge
138 139 edge
34 139 edge
8 26 edge
26 104 edge
72 104 edge
8 72 edge
56 104 edge
56 72 edge
0 26 edge
0 56 edge
0 8 edge
26 106 edge
74 106 edge
8 74 edge
58 106 edge
58 74 edge
2 26 edge
2 58 edge
2 8 edge
104 106 edge
13 31 edge
31 122 edge
90 122 edge
13 90 edge
58 122 edge
58 90 edge
6 31 edge
6 58 edge
6 13 edge
31 123 edge
91 123 edge
122 123 edge
7 31 edge
59 123 edge
61 125 edge
30 125 edge
93 125 edge
57 121 edge
121 125 edge
30 121 edge
61 109 edge
27 109 edge
77 109 edge
57 105 edge
105 109 edge
27 105 edge
63 111 edge
27 111 edge
79 111 edge
59 107 edge
107 111 edge
27 107 edge
31 127 edge
63 127 edge
123 127 edge
95 127 edge
15 31 edge
76 78 edge
108 110 edge
26 110 edge
26 108 edge
78 110 edge
76 108 edge
10 26 edge
10 78 edge
10 76 edge
94 95 edge
126 127 edge
31 126 edge
94 126 edge
15 94 edge
35 142 edge
78 142 edge
18 78 edge
140 142 edge
35 140 edge
76 140 edge
18 76 edge
94 142 edge
23 94 edge
78 94 edge
95 143 edge
142 143 edge
35 143 edge
105 137 edge
73 105 edge
73 137 edge
105 121 edge
121 137 edge
89 121 edge
89 137 edge
107 139 edge
75 107 edge
75 139 edge
105 107 edge
137 139 edge
107 123 edge
123 139 edge
109 125 edge
111 127 edge
109 141 edge
77 141 edge
125 141 edge
93 141 edge
111 143 edge
79 143 edge
127 143 edge
109 111 edge
141 143 edge
42 121 edge
42 125 edge
42 124 edge
124 125 edge
42 120 edge
120 124 edge
120 121 edge
30 124 edge
30 120 edge
39 105 edge
39 107 edge
39 109 edge
39 111 edge
47 141 edge
47 143 edge
47 142 edge
47 140 edge
140 141 edge
35 141 edge
39 46 edge
46 137 edge
39 42 edge
42 46 edge
46 139 edge
39 43 edge
43 123 edge
43 46 edge
43 127 edge
39 47 edge
42 47 edge
43 47 edge
38 47 edge
38 43 edge
38 42 edge
38 46 edge
43 126 edge
126 142 edge
38 110 edge
110 142 edge
110 126 edge
38 108 edge
108 140 edge
124 140 edge
108 124 edge
43 122 edge
38 106 edge
106 122 edge
122 126 edge
106 110 edge
38 104 edge
104 120 edge
104 108 edge
46 138 edge
122 138 edge
106 138 edge
46 136 edge
104 136 edge
120 136 edge
136 137 edge
34 137 edge
92 140 edge
92 124 edge
92 93 edge
62 126 edge
62 110 edge
62 94 edge
62 78 edge
60 108 edge
60 124 edge
76 92 edge
60 76 edge
60 92 edge
58 62 edge
56 120 edge
56 60 edge
88 120 edge
88 136 edge
56 88 edge
72 88 edge
88 89 edge
22 92 edge
14 92 edge
6 62 edge
6 15 edge
2 62 edge
2 10 edge
0 60 edge
0 10 edge
4 60 edge
4 56 edge
12 88 edge
17 34 edge
20 34 edge
20 88 edge
16 20 edge
86 94 edge
23 86 edge
15 86 edge
86 87 edge
70 78 edge
18 70 edge
70 86 edge
68 76 edge
18 68 edge
10 70 edge
10 68 edge
68 70 edge
84 92 edge
22 84 edge
68 84 edge
14 84 edge
84 85 edge
54 62 edge
54 70 edge
54 86 edge
2 54 edge
6 54 edge
52 60 edge
52 84 edge
52 68 edge
4 52 edge
0 52 edge
50 58 edge
6 50 edge
2 50 edge
50 54 edge
48 56 edge
0 48 edge
4 48 edge
48 52 edge
82 90 edge
13 82 edge
50 82 edge
21 82 edge
82 83 edge
66 74 edge
66 82 edge
50 66 edge
16 66 edge
8 66 edge
64 72 edge
8 64 edge
16 64 edge
64 66 edge
48 64 edge
80 88 edge
64 80 edge
48 80 edge
20 80 edge
12 80 edge
80 81 edge
6 29 edge
10 24 edge
2 24 edge
0 24 edge
8 24 edge
16 32 edge
86 134 edge
70 134 edge
68 132 edge
84 132 edge
86 118 edge
29 118 edge
54 118 edge
118 119 edge
118 134 edge
70 102 edge
54 102 edge
102 134 edge
102 118 edge
24 102 edge
68 100 edge
100 102 edge
24 100 edge
52 100 edge
84 116 edge
52 116 edge
29 114 edge
50 114 edge
114 118 edge
82 114 edge
114 115 edge
50 98 edge
98 102 edge
98 114 edge
24 98 edge
66 98 edge
24 96 edge
64 96 edge
96 98 edge
48 96 edge
48 112 edge
80 112 edge
82 130 edge
66 130 edge
114 130 edge
98 130 edge
32 130 edge
130 131 edge
64 128 edge
128 130 edge
32 128 edge
96 128 edge
80 128 edge
112 128 edge
128 129 edge
41 118 edge
41 114 edge
36 102 edge
36 41 edge
36 98 edge
44 130 edge
36 44 edge
41 44 edge
44 128 edge
44 131 edge
44 129 edge
37 44 edge
40 44 edge
][
[3 8 2 4 0 5 1 7 6] [3 -1 1 1] face
[3 13 2 10 0 11 12 1 9] [2 0 1 1] face
[21 18 20 19 10 17 0 14 22 9 16 15] [1 0 1 0] face
[4 0 14 5 23 15 6 24 25] [2 -1 1 0] face
[28 30 26 17 14 29 31 27 16] [2 0 1 -1] face
[28 32 26 4 14 23 27 33 24] [3 -1 1 -1] face
[37 32 34 41 36 38 35 39 40] [3 -1 -1 -1] face
[37 43 34 46 36 42 44 35 45] [2 0 -1 -1] face
[49 51 50 52 30 43 26 34 48 29 42 47] [1 0 0 -1] face
[32 26 34 23 38 47 33 39 53] [2 -1 0 -1] face
[58 54 56 55 5 23 60 38 25 59 53 57] [1 -1 0 0] face
[67 64 65 69 68 66 62 61 63] [1 3 1 -1] face
[76 73 75 72 62 70 61 74 63 31 71 77] [1 1 1 -1] face
[79 70 61 81 78 48 71 82 80] [1 1 0 -1] face
[64 65 83 66 84 79 61 78 80] [1 2 0 -1] face
[87 64 83 89 88 84 85 78 86] [1 3 -1 -1] face
[91 93 90 92 85 81 78 94 86 44 82 95] [1 1 -1 -1] face
[98 96 97 99 100 18 73 72 74] [1 1 3 -1] face
[96 97 103 18 19 101 72 102 16] [1 0 2 -1] face
[101 75 72 104 102 29 31 27 16] [1 0 1 -1] face
[109 105 106 107 108 49 76 75 70] [1 1 1 -3] face
[105 106 110 49 50 101 75 104 29] [1 0 1 -2] face
[107 108 111 49 51 79 70 81 48] [1 1 0 -2] face
[114 112 113 107 111 51 91 90 81] [1 1 -1 -3] face
[112 113 117 51 52 115 90 116 42] [1 0 -1 -2] face
[115 90 92 116 118 42 44 35 45] [1 0 -1 -1] face
[122 119 120 124 123 121 93 92 94] [1 1 -3 -1] face
[119 120 125 121 126 115 92 118 45] [1 0 -2 -1] face
[129 96 103 130 131 19 127 102 128] [1 -1 3 -1] face
[133 127 104 102 135 132 134 128 136 27 33 24] [1 -1 1 -1] face
[139 105 110 137 138 50 133 104 132] [1 -1 1 -3] face
[141 132 134 140 142 47 33 39 53] [1 -1 0 -1] face
[137 138 143 50 52 141 132 140 47] [1 -1 0 -2] face
[145 112 117 137 143 52 144 116 140] [1 -1 -1 -3] face
[144 146 116 118 148 140 142 147 149 35 39 40] [1 -1 -1 -1] face
[150 119 125 152 151 126 146 118 147] [1 -1 -3 -1] face
[155 153 154 156 157 54 135 134 136] [1 -3 1 -1] face
[153 154 158 54 55 141 134 142 53] [1 -2 0 -1] face
[159 153 158 160 161 55 148 142 149] [1 -3 -1 -1] face
[167 165 168 164 98 129 96 162 99 166 130 163] [0 0 1 0] face
[109 139 105 169 114 145 112 171 107 172 137 170] [0 0 0 -1] face
[178 175 179 173 155 159 153 176 156 177 160 174] [0 -1 0 0] face
[98 97 183 100 184 181 73 182 180] [0 1 2 -1] face
[67 65 187 68 188 185 62 186 180] [0 2 1 -1] face
[181 76 73 189 182 185 62 186 180] [0 1 1 -1] face
[109 106 191 108 190 181 76 189 185] [0 1 1 -2] face
[108 111 190 193 65 83 187 194 79 185 192 195] [0 1 0 -1] face
[114 113 198 111 193 196 91 197 192] [0 1 -1 -2] face
[87 83 194 88 201 192 85 200 199] [0 2 -1 -1] face
[196 91 93 197 202 192 85 200 199] [0 1 -1 -1] face
[122 120 203 123 204 196 93 202 199] [0 1 -2 -1] face
[106 110 191 206 97 103 183 207 101 181 205 208] [0 0 1 -1] face
[113 117 198 211 120 125 203 210 115 196 209 212] [0 0 -1 -1] face
[139 110 206 138 215 205 133 214 213] [0 -1 1 -2] face
[129 103 207 131 218 205 127 217 216] [0 -1 2 -1] face
[205 133 127 214 217 213 135 219 216] [0 -1 1 -1] face
[150 125 210 151 222 209 146 221 220] [0 -1 -2 -1] face
[145 117 211 143 225 209 144 224 223] [0 -1 -1 -2] face
[209 144 146 224 221 223 148 226 220] [0 -1 -1 -1] face
[155 154 227 157 228 213 135 219 216] [0 -2 1 -1] face
[138 143 215 225 154 158 227 229 141 213 223 230] [0 -1 0 -1] face
[159 158 229 161 231 223 148 226 220] [0 -2 -1 -1] face
[234 240 235 238 232 236 239 233 237] [-1 2 0 1] face
[245 234 235 242 243 232 244 233 241] [-1 3 -1 1] face
[242 243 201 232 249 246 241 247 248] [-1 2 -1 0] face
[258 256 257 250 253 251 255 254 252] [-1 1 1 3] face
[266 264 265 250 261 259 263 262 260] [-1 1 -1 3] face
[250 253 261 251 259 236 252 260 267] [-1 1 0 2] face
[276 274 275 268 271 269 273 272 270] [-1 1 -3 1] face
[268 271 204 269 277 246 270 278 279] [-1 1 -2 0] face
[122 280 203 268 204 277 202 281 278] [-1 1 -3 -1] face
[129 162 207 163 218 283 217 282 284] [-1 -1 3 -1] face
[162 183 207 287 283 208 285 282 286] [-1 0 2 -1] face
[139 169 206 170 215 289 214 288 290] [-1 -1 1 -3] face
[169 191 206 293 289 208 291 288 292] [-1 0 1 -2] face
[145 171 211 170 225 295 224 294 296] [-1 -1 -1 -3] face
[171 198 211 299 295 212 297 294 298] [-1 0 -1 -2] face
[280 203 210 277 300 212 281 301 302] [-1 0 -2 -1] face
[150 280 210 304 222 300 221 301 303] [-1 -1 -3 -1] face
[311 313 312 308 307 305 310 309 306] [-1 -1 0 2] face
[304 318 222 316 300 314 317 303 315] [-1 -1 -2 0] face
[173 325 321 323 319 305 324 320 322] [-1 -2 0 1] face
[175 173 321 174 327 319 328 320 326] [-1 -3 -1 1] face
[174 327 231 319 331 314 326 329 330] [-1 -2 -1 0] face
[189 182 291 285 186 333 334 337 338 335 332 336] [-1 1 1 -1] face
[195 333 334 340 341 342 332 339 343] [-1 1 0 -1] face
[197 202 297 281 200 340 341 278 247 344 339 345] [-1 1 -1 -1] face
[208 291 285 288 282 292 335 346 286] [-1 0 1 -1] face
[212 297 281 294 301 298 344 347 302] [-1 0 -1 -1] face
[214 217 288 282 219 290 349 284 351 346 348 350] [-1 -1 1 -1] face
[224 221 294 301 226 296 353 303 329 347 352 354] [-1 -1 -1 -1] face
[230 290 349 296 353 355 348 352 356] [-1 -1 0 -1] face
[365 287 364 283 361 357 359 358 363 362 286 360] [-1 0 1 0] face
[293 299 289 295 366 367 368 369 342 292 298 355] [-1 0 0 -1] face
[323 375 319 331 373 370 372 371 374 322 356 330] [-1 -1 0 0] face
[378 376 366 379 357 377 335 332 336] [-3 1 1 -1] face
[376 366 367 377 380 342 332 339 343] [-2 1 0 -1] face
[381 376 367 383 382 380 344 339 345] [-3 1 -1 -1] face
[378 366 368 357 358 292 335 346 286] [-2 0 1 -1] face
[381 367 369 382 384 298 344 347 302] [-2 0 -1 -1] face
[378 385 368 386 358 370 346 348 350] [-3 -1 1 -1] face
[385 368 369 370 371 355 348 352 356] [-2 -1 0 -1] face
[381 385 369 387 384 371 347 352 354] [-3 -1 -1 -1] face
[390 389 391 388 378 381 376 385 379 386 383 387] [-1 0 0 0] face
[387 392 384 372 371 315 393 354 330] [-2 -1 -1 0] face
[389 388 394 387 392 372 396 395 393] [-3 -1 -1 1] face
[388 397 394 373 372 306 398 395 322] [-2 -1 0 1] face
[390 388 397 386 359 373 400 398 399] [-3 -1 1 1] face
[386 359 358 373 370 360 399 350 374] [-2 -1 1 0] face
[389 402 394 401 392 405 403 396 404] [-2 0 -1 1] face
[390 406 397 361 359 408 407 400 362] [-2 0 1 1] face
[389 391 402 383 401 409 403 411 410] [-3 1 -1 1] face
[383 401 382 409 380 279 410 345 248] [-2 1 -1 0] face
[391 406 402 412 409 267 413 411 237] [-2 1 0 1] face
[390 391 406 379 361 412 407 413 414] [-3 1 1 1] face
[379 361 357 412 377 363 414 336 415] [-2 1 1 0] face
[269 277 316 300 401 382 392 384 279 404 302 315] [-1 0 -1 0] face
[251 259 308 307 406 402 397 394 267 408 405 306] [-1 0 0 1] face
[238 416 232 249 412 377 409 380 415 237 343 248] [-1 1 0 0] face
[314 317 326 303 329 315 393 354 330] [-1 -1 -1 0] face
[305 310 324 309 320 306 398 395 322] [-1 -1 0 1] face
[419 418 417 284 351 360 399 350 374] [-1 -1 1 0] face
[423 422 421 420 328 309 320 317 326 396 395 393] [-1 -1 -1 1] face
[427 428 424 425 426 310 324 418 417 400 398 399] [-1 -1 1 1] face
[429 262 272 421 420 405 403 396 404] [-1 0 -1 1] face
[431 254 430 424 425 408 407 400 362] [-1 0 1 1] face
[246 270 241 278 247 279 410 345 248] [-1 1 -1 0] face
[263 273 262 272 244 260 233 270 241 403 411 410] [-1 1 -1 1] face
[236 252 239 260 233 267 413 411 237] [-1 1 0 1] face
[255 434 254 430 435 252 239 432 433 407 413 414] [-1 1 1 1] face
[436 432 433 337 338 363 414 336 415] [-1 1 1 0] face
[176 227 229 375 331 230 349 353 356] [-1 -2 0 -1] face
[159 176 229 174 231 331 226 353 329] [-1 -3 -1 -1] face
[155 176 227 177 228 375 219 349 351] [-1 -3 1 -1] face
[177 437 228 323 375 419 417 351 374] [-1 -2 1 0] face
[178 173 325 177 437 323 426 324 417] [-1 -3 1 1] face
[170 215 225 289 295 230 290 296 355] [-1 -1 0 -2] face
[163 438 218 364 283 419 418 284 360] [-1 -1 2 0] face
[274 275 439 269 316 429 272 420 404] [-1 0 -2 1] face
[440 274 439 304 318 316 422 420 317] [-1 -1 -3 1] face
[264 265 441 259 307 429 262 421 405] [-1 0 -1 2] face
[442 264 441 311 312 307 423 421 309] [-1 -1 -1 3] face
[256 257 443 251 308 431 254 424 408] [-1 0 1 2] face
[444 256 443 311 313 308 427 424 310] [-1 -1 1 3] face
[165 164 445 163 438 364 428 425 418] [-1 -1 3 1] face
[164 446 445 365 364 431 430 425 362] [-1 0 2 1] face
[172 190 193 293 299 195 333 340 342] [-1 1 0 -2] face
[114 171 198 172 193 299 197 297 340] [-1 1 -1 -3] face
[109 169 191 172 190 293 189 291 333] [-1 1 1 -3] face
[167 164 446 166 447 365 434 430 432] [-1 1 3 1] face
[166 447 184 365 287 436 432 337 363] [-1 1 2 0] face
[98 162 183 166 184 287 182 285 337] [-1 1 3 -1] face
[448 187 194 416 249 195 334 341 343] [-1 2 0 -1] face
[87 448 194 242 201 249 200 341 247] [-1 3 -1 -1] face
[67 448 187 449 188 416 186 334 338] [-1 3 1 -1] face
[449 450 188 238 416 436 433 338 415] [-1 2 1 0] face
[451 234 240 449 450 238 435 239 433] [-1 3 1 1] face
[454 151 318 222 453 161 327 231 455 452 220 314] [0 -1 -1 0] face
[175 457 321 453 327 456 458 328 452] [0 -2 -1 1] face
[462 461 313 312 460 457 325 321 463 459 456 305] [0 -1 0 1] face
[178 460 325 465 437 459 466 426 464] [0 -2 1 1] face
[467 131 438 218 465 157 437 228 468 464 216 419] [0 -1 1 0] face
[469 470 471 423 422 456 458 328 452] [0 -1 -1 1] face
[442 472 441 461 312 469 470 423 456] [0 -1 -1 2] face
[440 473 439 454 318 469 471 422 452] [0 -1 -2 1] face
[474 476 475 427 428 459 466 426 464] [0 -1 1 1] face
[165 477 445 467 438 474 475 428 464] [0 -1 2 1] face
[444 478 443 462 313 474 476 427 459] [0 -1 1 2] face
[481 472 265 441 480 473 275 439 482 479 469 429] [0 0 -1 1] face
[484 478 257 443 485 477 446 445 486 483 474 431] [0 0 1 1] face
[276 480 275 488 271 479 489 273 487] [0 1 -2 1] face
[488 123 271 204 490 88 243 201 491 487 199 246] [0 1 -1 0] face
[479 494 489 263 273 492 493 244 487] [0 1 -1 1] face
[245 495 235 490 243 492 493 244 487] [0 2 -1 1] face
[266 481 265 496 261 479 494 263 492] [0 1 -1 2] face
[498 496 253 261 499 495 240 235 500 497 492 236] [0 1 0 1] face
[258 484 257 498 253 483 501 255 497] [0 1 1 2] face
[483 501 504 255 434 497 503 435 502] [0 1 1 1] face
[451 499 240 505 450 497 503 435 502] [0 2 1 1] face
[167 485 446 506 447 483 504 434 502] [0 1 2 1] face
[506 100 447 184 505 68 450 188 507 502 180 436] [0 1 1 0] face
[276 440 508 274 122 150 119 280 124 268 152 304] [0 0 -1 0] face
[258 444 511 256 266 442 510 264 512 250 509 311] [0 0 0 1] face
[451 245 513 234 67 87 64 448 69 449 89 242] [0 1 0 0] face
[175 179 457 160 453 56 458 515 514] [1 -3 -1 1] face
[160 453 161 56 55 455 514 149 57] [1 -2 -1 0] face
[179 460 457 58 56 463 516 515 59] [1 -2 0 1] face
[178 179 460 156 465 58 466 516 517] [1 -3 1 1] face
[156 465 157 58 54 468 517 136 25] [1 -2 1 0] face
[440 508 473 152 454 519 471 520 518] [1 -1 -3 1] face
[455 518 514 147 149 521 522 40 57] [1 -1 -1 0] face
[152 454 151 519 126 455 518 147 521] [1 -1 -2 0] face
[470 471 524 520 458 523 515 518 514 526 525 522] [1 -1 -1 1] face
[442 510 472 509 461 527 470 524 523] [1 -1 -1 3] face
[509 462 461 530 527 463 528 523 529] [1 -1 0 2] face
[463 528 516 523 515 529 7 525 59] [1 -1 0 1] face
[444 511 478 509 462 530 476 531 528] [1 -1 1 3] face
[476 475 531 533 466 528 516 532 517 1 7 6] [1 -1 1 1] face
[165 168 477 130 467 20 475 533 532] [1 -1 3 1] face
[468 532 517 128 136 15 6 24 25] [1 -1 1 0] face
[130 467 131 20 19 468 532 128 15] [1 -1 2 0] face
[508 480 473 534 519 482 535 520 536] [1 0 -2 1] face
[276 508 480 124 488 534 489 535 537] [1 1 -3 1] face
[124 488 123 534 121 491 537 94 538] [1 1 -2 0] face
[482 539 535 524 520 540 541 526 536] [1 0 -1 1] face
[510 481 472 542 527 482 539 524 540] [1 0 -1 2] face
[266 510 481 512 496 542 494 539 543] [1 1 -1 3] face
[512 498 496 544 542 500 545 543 546] [1 1 0 2] face
[511 484 478 544 530 486 547 531 11] [1 0 1 2] face
[258 511 484 512 498 544 501 547 545] [1 1 1 3] face
[486 547 548 531 533 11 12 1 9] [1 0 1 1] face
[168 485 477 21 20 486 548 533 9] [1 0 2 1] face
[167 168 485 99 506 21 504 548 549] [1 1 3 1] face
[99 506 100 21 18 507 549 74 22] [1 1 2 0] face
[494 489 539 535 493 543 551 537 550 541 553 552] [1 1 -1 1] face
[245 513 495 89 490 554 493 551 550] [1 3 -1 1] face
[491 537 550 94 86 538 552 95 555] [1 1 -1 0] face
[89 490 88 554 84 491 550 86 555] [1 2 -1 0] face
[513 499 495 558 554 500 556 551 557] [1 2 0 1] face
[500 545 556 543 551 546 559 553 557] [1 1 0 1] face
[501 504 547 548 503 545 556 549 560 12 559 561] [1 1 1 1] face
[451 513 499 69 505 558 503 556 560] [1 3 1 1] face
[507 549 560 74 63 22 561 77 562] [1 1 1 0] face
[69 505 68 558 66 507 560 63 562] [1 2 1 0] face
[534 121 519 126 564 46 563 36 538 536 45 521] [1 0 -1 0] face
[41 563 36 60 38 521 522 40 57] [2 -1 -1 0] face
[566 8 565 41 563 60 526 525 522] [3 -1 -1 1] face
[566 567 565 564 563 540 541 526 536] [2 0 -1 1] face
[544 542 530 527 13 567 2 565 546 11 540 529] [1 0 0 1] face
[8 2 565 5 60 529 7 525 59] [2 -1 0 1] face
[566 569 567 570 564 568 541 553 552] [3 1 -1 1] face
[569 13 567 571 568 546 559 553 557] [2 1 0 1] face
[570 564 46 568 572 538 552 95 555] [2 1 -1 0] face
[558 66 554 84 571 573 568 572 562 557 80 555] [1 1 0 0] face
[574 30 43 573 572 48 71 82 80] [2 1 0 -1] face
[37 574 43 570 46 572 44 82 95] [3 1 -1 -1] face
[575 10 17 571 573 22 561 77 562] [2 1 1 0] face
[28 574 30 575 17 573 31 71 77] [3 1 1 -1] face
[3 569 13 575 10 571 12 559 561] [3 1 1 1] face
[3 566 569 8 28 37 574 32 575 4 570 41] [1 0 0 0] face
]
shape [0.5 0.5 0.5 0.5] translate [0.5 0.5 0.5 0.5] aligncenter "runcinated-24cell" def

