[
[1 1 2.4142135623730954 3.8284271247461907]
[1 1 2.4142135623730954 -3.8284271247461907]
[1 1 -2.4142135623730954 3.8284271247461907]
[1 1 -2.4142135623730954 -3.8284271247461907]
[1 -1 2.4142135623730954 3.8284271247461907]
[1 -1 2.4142135623730954 -3.8284271247461907]
[1 -1 -2.4142135623730954 3.8284271247461907]
[1 -1 -2.4142135623730954 -3.8284271247461907]
[-1 1 2.4142135623730954 3.8284271247461907]
[-1 1 2.4142135623730954 -3.8284271247461907]
[-1 1 -2.4142135623730954 3.8284271247461907]
[-1 1 -2.4142135623730954 -3.8284271247461907]
[-1 -1 2.4142135623730954 3.8284271247461907]
[-1 -1 2.4142135623730954 -3.8284271247461907]
[-1 -1 -2.4142135623730954 3.8284271247461907]
[-1 -1 -2.4142135623730954 -3.8284271247461907]
[1 1 3.8284271247461907 2.4142135623730954]
[1 1 3.8284271247461907 -2.4142135623730954]
[1 1 -3.8284271247461907 2.4142135623730954]
[1 1 -3.8284271247461907 -2.4142135623730954]
[1 -1 3.8284271247461907 2.4142135623730954]
[1 -1 3.8284271247461907 -2.4142135623730954]
[1 -1 -3.8284271247461907 2.4142135623730954]
[1 -1 -3.8284271247461907 -2.4142135623730954]
[-1 1 3.8284271247461907 2.4142135623730954]
[-1 1 3.8284271247461907 -2.4142135623730954]
[-1 1 -3.8284271247461907 2.4142135623730954]
[-1 1 -3.8284271247461907 -2.4142135623730954]
[-1 -1 3.8284271247461907 2.4142135623730954]
[-1 -1 3.8284271247461907 -2.4142135623730954]
[-1 -1 -3.8284271247461907 2.4142135623730954]
[-1 -1 -3.8284271247461907 -2.4142135623730954]
[1 2.4142135623730954 1 3.8284271247461907]
[1 2.4142135623730954 1 -3.8284271247461907]
[1 2.4142135623730954 -1 3.8284271247461907]
[1 2.4142135623730954 -1 -3.8284271247461907]
[1 -2.4142135623730954 1 3.8284271247461907]
[1 -2.4142135623730954 1 -3.8284271247461907]
[1 -2.4142135623730954 -1 3.8284271247461907]
[1 -2.4142135623730954 -1 -3.8284271247461907]
[-1 2.4142135623730954 1 3.8284271247461907]
[-1 2.4142135623730954 1 -3.8284271247461907]
[-1 2.4142135623730954 -1 3.8284271247461907]
[-1 2.4142135623730954 -1 -3.8284271247461907]
[-1 -2.4142135623730954 1 3.8284271247461907]
[-1 -2.4142135623730954 1 -3.8284271247461907]
[-1 -2.4142135623730954 -1 3.8284271247461907]
[-1 -2.4142135623730954 -1 -3.8284271247461907]
[1 2.4142135623730954 3.8284271247461907 1]
[1 2.4142135623730954 3.8284271247461907 -1]
[1 2.4142135623730954 -3.8284271247461907 1]
[1 2.4142135623730954 -3.8284271247461907 -1]
[1 -2.4142135623730954 3.8284271247461907 1]
[1 -2.4142135623730954 3.8284271247461907 -1]
[1 -2.4142135623730954 -3.8284271247461907 1]
[1 -2.4142135623730954 -3.8284271247461907 -1]
[-1 2.4142135623730954 3.8284271247461907 1]
[-1 2.4142135623730954 3.8284271247461907 -1]
[-1 2.4142135623730954 -3.8284271247461907 1]
[-1 2.4142135623730954 -3.8284271247461907 -1]
[-1 -2.4142135623730954 3.8284271247461907 1]
[-1 -2.4142135623730954 3.8284271247461907 -1]
[-1 -2.4142135623730954 -3.8284271247461907 1]
[-1 -2.4142135623730954 -3.8284271247461907 -1]
[1 3.8284271247461907 1 2.4142135623730954]
[1 3.8284271247461907 1 -2.4142135623730954]
[1 3.8284271247461907 -1 2.4142135623730954]
[1 3.8284271247461907 -1 -2.4142135623730954]
[1 -3.8284271247461907 1 2.4142135623730954]
[1 -3.8284271247461907 1 -2.4142135623730954]
[1 -3.8284271247461907 -1 2.4142135623730954]
[1 -3.8284271247461907 -1 -2.4142135623730954]
[-1 3.8284271247461907 1 2.4142135623730954]
[-1 3.8284271247461907 1 -2.4142135623730954]
[-1 3.8284271247461907 -1 2.4142135623730954]
[-1 3.8284271247461907 -1 -2.4142135623730954]
[-1 -3.8284271247461907 1 2.4142135623730954]
[-1 -3.8284271247461907 1 -2.4142135623730954]
[-1 -3.8284271247461907 -1 2.4142135623730954]
[-1 -3.8284271247461907 -1 -2.4142135623730954]
[1 3.8284271247461907 2.4142135623730954 1]
[1 3.8284271247461907 2.4142135623730954 -1]
[1 3.8284271247461907 -2.4142135623730954 1]
[1 3.8284271247461907 -2.4142135623730954 -1]
[1 -3.8284271247461907 2.4142135623730954 1]
[1 -3.8284271247461907 2.4142135623730954 -1]
[1 -3.8284271247461907 -2.4142135623730954 1]
[1 -3.8284271247461907 -2.4142135623730954 -1]
[-1 3.8284271247461907 2.4142135623730954 1]
[-1 3.8284271247461907 2.4142135623730954 -1]
[-1 3.8284271247461907 -2.4142135623730954 1]
[-1 3.8284271247461907 -2.4142135623730954 -1]
[-1 -3.8284271247461907 2.4142135623730954 1]
[-1 -3.8284271247461907 2.4142135623730954 -1]
[-1 -3.8284271247461907 -2.4142135623730954 1]
[-1 -3.8284271247461907 -2.4142135623730954 -1]
[2.4142135623730954 1 1 3.8284271247461907]
[2.4142135623730954 1 1 -3.8284271247461907]
[2.4142135623730954 1 -1 3.8284271247461907]
[2.4142135623730954 1 -1 -3.8284271247461907]
[2.4142135623730954 -1 1 3.8284271247461907]
[2.4142135623730954 -1 1 -3.8284271247461907]
[2.4142135623730954 -1 -1 3.8284271247461907]
[2.4142135623730954 -1 -1 -3.8284271247461907]
[-2.4142135623730954 1 1 3.8284271247461907]
[-2.4142135623730954 1 1 -3.8284271247461907]
[-2.4142135623730954 1 -1 3.8284271247461907]
[-2.4142135623730954 1 -1 -3.8284271247461907]
[-2.4142135623730954 -1 1 3.8284271247461907]
[-2.4142135623730954 -1 1 -3.8284271247461907]
[-2.4142135623730954 -1 -1 3.8284271247461907]
[-2.4142135623730954 -1 -1 -3.8284271247461907]
[2.4142135623730954 1 3.8284271247461907 1]
[2.4142135623730954 1 3.8284271247461907 -1]
[2.4142135623730954 1 -3.8284271247461907 1]
[2.4142135623730954 1 -3.8284271247461907 -1]
[2.4142135623730954 -1 3.8284271247461907 1]
[2.4142135623730954 -1 3.8284271247461907 -1]
[2.4142135623730954 -1 -3.8284271247461907 1]
[2.4142135623730954 -1 -3.8284271247461907 -1]
[-2.4142135623730954 1 3.8284271247461907 1]
[-2.4142135623730954 1 3.8284271247461907 -1]
[-2.4142135623730954 1 -3.8284271247461907 1]
[-2.4142135623730954 1 -3.8284271247461907 -1]
[-2.4142135623730954 -1 3.8284271247461907 1]
[-2.4142135623730954 -1 3.8284271247461907 -1]
[-2.4142135623730954 -1 -3.8284271247461907 1]
[-2.4142135623730954 -1 -3.8284271247461907 -1]
[2.4142135623730954 3.8284271247461907 1 1]
[2.4142135623730954 3.8284271247461907 1 -1]
[2.4142135623730954 3.8284271247461907 -1 1]
[2.4142135623730954 3.8284271247461907 -1 -1]
[2.4142135623730954 -3.8284271247461907 1 1]
[2.4142135623730954 -3.8284271247461907 1 -1]
[2.4142135623730954 -3.8284271247461907 -1 1]
[2.4142135623730954 -3.8284271247461907 -1 -1]
[-2.4142135623730954 3.8284271247461907 1 1]
[-2.4142135623730954 3.8284271247461907 1 -1]
[-2.4142135623730954 3.8284271247461907 -1 1]
[-2.4142135623730954 3.8284271247461907 -1 -1]
[-2.4142135623730954 -3.8284271247461907 1 1]
[-2.4142135623730954 -3.8284271247461907 1 -1]
[-2.4142135623730954 -3.8284271247461907 -1 1]
[-2.4142135623730954 -3.8284271247461907 -1 -1]
[3.8284271247461907 1 1 2.4142135623730954]
[3.8284271247461907 1 1 -2.4142135623730954]
[3.8284271247461907 1 -1 2.4142135623730954]
[3.8284271247461907 1 -1 -2.4142135623730954]
[3.8284271247461907 -1 1 2.4142135623730954]
[3.8284271247461907 -1 1 -2.4142135623730954]
[3.8284271247461907 -1 -1 2.4142135623730954]
[3.8284271247461907 -1 -1 -2.4142135623730954]
[-3.8284271247461907 1 1 2.4142135623730954]
[-3.8284271247461907 1 1 -2.4142135623730954]
[-3.8284271247461907 1 -1 2.4142135623730954]
[-3.8284271247461907 1 -1 -2.4142135623730954]
[-3.8284271247461907 -1 1 2.4142135623730954]
[-3.8284271247461907 -1 1 -2.4142135623730954]
[-3.8284271247461907 -1 -1 2.4142135623730954]
[-3.8284271247461907 -1 -1 -2.4142135623730954]
[3.8284271247461907 1 2.4142135623730954 1]
[3.8284271247461907 1 2.4142135623730954 -1]
[3.8284271247461907 1 -2.4142135623730954 1]
[3.8284271247461907 1 -2.4142135623730954 -1]
[3.8284271247461907 -1 2.4142135623730954 1]
[3.8284271247461907 -1 2.4142135623730954 -1]
[3.8284271247461907 -1 -2.4142135623730954 1]
[3.8284271247461907 -1 -2.4142135623730954 -1]
[-3.8284271247461907 1 2.4142135623730954 1]
[-3.8284271247461907 1 2.4142135623730954 -1]
[-3.8284271247461907 1 -2.4142135623730954 1]
[-3.8284271247461907 1 -2.4142135623730954 -1]
[-3.8284271247461907 -1 2.4142135623730954 1]
[-3.8284271247461907 -1 2.4142135623730954 -1]
[-3.8284271247461907 -1 -2.4142135623730954 1]
[-3.8284271247461907 -1 -2.4142135623730954 -1]
[3.8284271247461907 2.4142135623730954 1 1]
[3.8284271247461907 2.4142135623730954 1 -1]
[3.8284271247461907 2.4142135623730954 -1 1]
[3.8284271247461907 2.4142135623730954 -1 -1]
[3.8284271247461907 -2.4142135623730954 1 1]
[3.8284271247461907 -2.4142135623730954 1 -1]
[3.8284271247461907 -2.4142135623730954 -1 1]
[3.8284271247461907 -2.4142135623730954 -1 -1]
[-3.8284271247461907 2.4142135623730954 1 1]
[-3.8284271247461907 2.4142135623730954 1 -1]
[-3.8284271247461907 2.4142135623730954 -1 1]
[-3.8284271247461907 2.4142135623730954 -1 -1]
[-3.8284271247461907 -2.4142135623730954 1 1]
[-3.8284271247461907 -2.4142135623730954 1 -1]
[-3.8284271247461907 -2.4142135623730954 -1 1]
[-3.8284271247461907 -2.4142135623730954 -1 -1]
][
97 145 edge
33 97 edge
33 65 edge
65 129 edge
129 177 edge
145 177 edge
1 97 edge
1 17 edge
17 113 edge
113 161 edge
145 161 edge
1 33 edge
49 81 edge
17 49 edge
65 81 edge
49 113 edge
81 129 edge
161 177 edge
99 147 edge
35 99 edge
35 67 edge
67 131 edge
131 179 edge
147 179 edge
97 99 edge
145 147 edge
33 35 edge
65 67 edge
129 131 edge
177 179 edge
3 99 edge
3 19 edge
19 115 edge
115 163 edge
147 163 edge
3 35 edge
51 83 edge
19 51 edge
67 83 edge
51 115 edge
83 131 edge
163 179 edge
101 149 edge
97 101 edge
145 149 edge
5 101 edge
5 21 edge
21 117 edge
117 165 edge
149 165 edge
1 5 edge
17 21 edge
113 117 edge
161 165 edge
103 151 edge
99 103 edge
147 151 edge
101 103 edge
149 151 edge
7 103 edge
7 23 edge
23 119 edge
119 167 edge
151 167 edge
3 7 edge
19 23 edge
115 119 edge
163 167 edge
37 101 edge
37 69 edge
69 133 edge
133 181 edge
149 181 edge
5 37 edge
53 85 edge
69 85 edge
21 53 edge
85 133 edge
53 117 edge
165 181 edge
39 103 edge
39 71 edge
71 135 edge
135 183 edge
151 183 edge
37 39 edge
69 71 edge
133 135 edge
181 183 edge
7 39 edge
55 87 edge
71 87 edge
23 55 edge
87 135 edge
55 119 edge
167 183 edge
33 41 edge
1 9 edge
9 41 edge
35 43 edge
41 43 edge
3 11 edge
11 43 edge
5 13 edge
9 13 edge
7 15 edge
11 15 edge
37 45 edge
13 45 edge
39 47 edge
15 47 edge
45 47 edge
41 105 edge
9 105 edge
43 107 edge
105 107 edge
11 107 edge
13 109 edge
105 109 edge
15 111 edge
107 111 edge
45 109 edge
47 111 edge
109 111 edge
41 73 edge
65 73 edge
9 25 edge
17 25 edge
57 89 edge
25 57 edge
73 89 edge
49 57 edge
81 89 edge
43 75 edge
67 75 edge
73 75 edge
11 27 edge
19 27 edge
59 91 edge
27 59 edge
75 91 edge
51 59 edge
83 91 edge
13 29 edge
21 29 edge
25 29 edge
15 31 edge
23 31 edge
27 31 edge
45 77 edge
69 77 edge
61 93 edge
77 93 edge
29 61 edge
85 93 edge
53 61 edge
47 79 edge
71 79 edge
63 95 edge
79 95 edge
31 63 edge
87 95 edge
55 63 edge
77 79 edge
105 153 edge
153 185 edge
137 185 edge
73 137 edge
153 169 edge
121 169 edge
25 121 edge
169 185 edge
57 121 edge
89 137 edge
107 155 edge
155 187 edge
139 187 edge
75 139 edge
153 155 edge
185 187 edge
137 139 edge
155 171 edge
123 171 edge
27 123 edge
171 187 edge
59 123 edge
91 139 edge
109 157 edge
157 173 edge
125 173 edge
29 125 edge
153 157 edge
169 173 edge
121 125 edge
111 159 edge
159 175 edge
127 175 edge
31 127 edge
155 159 edge
171 175 edge
123 127 edge
157 189 edge
141 189 edge
77 141 edge
173 189 edge
93 141 edge
61 125 edge
159 191 edge
143 191 edge
79 143 edge
175 191 edge
95 143 edge
63 127 edge
157 159 edge
189 191 edge
141 143 edge
190 191 edge
188 190 edge
188 189 edge
174 175 edge
170 174 edge
170 171 edge
156 158 edge
154 158 edge
152 156 edge
152 154 edge
172 173 edge
168 172 edge
168 169 edge
186 187 edge
184 186 edge
184 185 edge
174 190 edge
158 190 edge
156 188 edge
172 188 edge
158 174 edge
156 172 edge
154 170 edge
152 168 edge
170 186 edge
154 186 edge
152 184 edge
168 184 edge
142 190 edge
142 143 edge
140 188 edge
140 142 edge
140 141 edge
126 174 edge
126 127 edge
122 170 edge
122 126 edge
122 123 edge
110 158 edge
108 156 edge
108 110 edge
106 154 edge
106 110 edge
104 152 edge
104 108 edge
104 106 edge
124 172 edge
124 125 edge
120 168 edge
120 124 edge
120 121 edge
138 186 edge
138 139 edge
136 184 edge
136 138 edge
136 137 edge
62 94 edge
94 142 edge
62 126 edge
94 95 edge
62 63 edge
46 78 edge
78 142 edge
46 110 edge
44 76 edge
76 140 edge
44 108 edge
76 78 edge
44 46 edge
60 92 edge
92 140 edge
60 124 edge
92 93 edge
60 61 edge
14 30 edge
30 126 edge
14 110 edge
78 94 edge
30 62 edge
14 46 edge
12 28 edge
12 108 edge
28 124 edge
76 92 edge
12 44 edge
28 60 edge
10 26 edge
26 122 edge
10 106 edge
26 30 edge
10 14 edge
8 24 edge
8 104 edge
24 120 edge
8 12 edge
24 28 edge
58 90 edge
58 122 edge
90 138 edge
58 59 edge
90 91 edge
42 74 edge
42 106 edge
74 138 edge
26 58 edge
10 42 edge
74 90 edge
40 72 edge
40 104 edge
72 136 edge
40 42 edge
72 74 edge
56 88 edge
56 120 edge
88 136 edge
8 40 edge
24 56 edge
72 88 edge
56 57 edge
88 89 edge
86 94 edge
54 62 edge
54 86 edge
86 87 edge
54 55 edge
70 78 edge
38 46 edge
38 70 edge
68 76 edge
36 44 edge
36 68 edge
68 70 edge
36 38 edge
84 92 edge
52 60 edge
52 84 edge
84 85 edge
52 53 edge
22 30 edge
6 14 edge
6 22 edge
70 86 edge
22 54 edge
6 38 edge
4 12 edge
20 28 edge
4 20 edge
68 84 edge
4 36 edge
20 52 edge
18 26 edge
2 10 edge
2 18 edge
18 22 edge
2 6 edge
0 8 edge
16 24 edge
0 16 edge
0 4 edge
16 20 edge
50 58 edge
82 90 edge
50 82 edge
50 51 edge
82 83 edge
34 42 edge
66 74 edge
34 66 edge
18 50 edge
2 34 edge
66 82 edge
32 40 edge
64 72 edge
32 64 edge
32 34 edge
64 66 edge
48 56 edge
80 88 edge
48 80 edge
0 32 edge
16 48 edge
64 80 edge
48 49 edge
80 81 edge
134 135 edge
132 134 edge
132 133 edge
86 134 edge
70 134 edge
68 132 edge
84 132 edge
54 118 edge
118 119 edge
22 118 edge
114 118 edge
114 115 edge
18 114 edge
50 114 edge
38 102 edge
6 102 edge
36 100 edge
100 102 edge
4 100 edge
98 102 edge
2 98 edge
96 100 edge
96 98 edge
0 96 edge
34 98 edge
32 96 edge
52 116 edge
20 116 edge
116 117 edge
112 116 edge
16 112 edge
112 113 edge
48 112 edge
82 130 edge
66 130 edge
130 131 edge
64 128 edge
128 130 edge
80 128 edge
128 129 edge
134 182 edge
182 183 edge
132 180 edge
180 182 edge
180 181 edge
118 166 edge
166 182 edge
166 167 edge
102 150 edge
150 182 edge
150 166 edge
100 148 edge
148 180 edge
148 150 edge
116 164 edge
164 180 edge
148 164 edge
164 165 edge
114 162 edge
162 166 edge
162 163 edge
98 146 edge
146 150 edge
146 162 edge
96 144 edge
144 148 edge
144 146 edge
112 160 edge
160 164 edge
144 160 edge
160 161 edge
130 178 edge
162 178 edge
146 178 edge
178 179 edge
128 176 edge
144 176 edge
176 178 edge
160 176 edge
176 177 edge
][
[7 11 6 13 8 2 1 12 15 14 3 16 0 9 4 10 5 17] [1 1 1 -1] face
[26 2 1 20 19 27 3 21 24 0 18 28 4 22 25 5 23 29] [1 1 0 -1] face
[31 35 30 37 32 20 19 36 39 38 21 40 18 33 22 34 23 41] [1 1 -1 -1] face
[50 7 6 46 45 51 8 47 43 0 42 52 9 48 44 10 49 53] [1 0 1 -1] face
[24 43 0 55 18 57 42 54 25 44 56 58] [1 0 0 -1] face
[64 31 30 60 59 65 32 61 55 18 54 66 33 62 56 34 63 67] [1 0 -1 -1] face
[46 73 45 76 47 69 68 74 78 75 70 77 42 48 71 49 72 79] [1 -1 1 -1] face
[85 69 68 81 80 86 70 82 57 42 54 87 71 83 58 72 84 88] [1 -1 0 -1] face
[60 89 59 92 61 81 80 90 94 91 82 93 54 62 83 63 84 95] [1 -1 -1 -1] face
[50 97 11 6 64 101 35 30 103 73 45 105 89 59 104 98 113 106 102 116 108 117 110 119 26 96 1 99 19 85 107 68 109 80 100 112 114 111 121 122 24 43 55 57 115 118 120 123] [0 0 0 -1] face
[97 7 11 126 98 127 13 129 96 2 124 131 12 128 125 14 130 132] [0 1 1 -1] face
[26 96 2 99 20 100 124 133 27 125 134 135] [0 1 0 -1] face
[101 31 35 136 102 137 37 139 99 20 133 141 36 138 134 38 140 142] [0 1 -1 -1] face
[50 97 7 103 46 104 126 143 51 127 144 145] [0 0 1 -1] face
[64 101 31 105 60 106 136 146 65 137 147 148] [0 0 -1 -1] face
[103 46 73 143 108 144 76 153 107 69 149 155 74 151 150 75 152 154] [0 -1 1 -1] face
[105 60 89 146 110 147 92 160 109 81 156 162 90 158 157 91 159 161] [0 -1 -1 -1] face
[85 107 69 109 81 111 149 156 86 150 157 163] [0 -1 0 -1] face
[126 98 113 129 170 124 112 128 172 130 167 173 164 169 166 168 165 171] [-1 1 1 -1] face
[100 124 112 133 114 135 167 177 115 164 174 180 166 176 178 165 175 179] [-1 1 0 -1] face
[136 102 116 139 183 133 114 138 185 140 177 186 174 182 176 181 175 184] [-1 1 -1 -1] face
[104 126 113 143 117 145 170 190 118 164 187 193 169 189 191 168 188 192] [-1 0 1 -1] face
[106 136 116 146 119 148 183 197 120 174 194 200 182 196 198 181 195 199] [-1 0 -1 -1] face
[143 108 117 153 190 149 121 151 206 152 203 205 187 189 202 188 201 204] [-1 -1 1 -1] face
[146 110 119 160 197 156 122 158 212 159 209 211 194 196 208 195 207 210] [-1 -1 -1 -1] face
[111 149 121 156 122 163 203 209 123 187 194 215 202 208 213 201 207 214] [-1 -1 0 -1] face
[115 118 164 120 174 123 187 194 178 191 198 213] [-1 0 0 -1] face
[225 224 239 242 178 191 168 165 223 238 241 198 181 175 222 237 234 213 188 201 236 233 195 207 228 227 243 192 171 221 220 240 199 184 226 235 204 219 232 210 231 230 179 229 218 217 214 216] [-1 0 0 0] face
[248 247 246 215 202 245 244 208 218 217 214 216] [-1 -1 0 0] face
[253 252 251 200 182 250 249 196 221 220 199 219] [-1 0 -1 0] face
[261 260 259 258 257 256 255 254 225 224 223 222] [-1 0 0 1] face
[266 265 264 193 169 263 262 189 228 227 192 226] [-1 0 1 0] face
[271 270 269 180 166 268 267 176 231 230 179 229] [-1 1 0 0] face
[276 272 274 158 212 275 273 211 250 249 196 245 244 208 219 232 210 216] [-1 -1 -1 0] face
[284 280 282 277 279 283 281 278 256 255 254 247 246 244 222 234 233 217] [-1 -1 0 1] face
[289 285 287 151 206 288 286 205 263 262 189 248 246 202 226 235 204 218] [-1 -1 1 0] face
[290 295 292 294 291 277 279 272 274 293 278 273 254 249 244 236 233 232] [-1 -1 -1 1] face
[296 300 297 301 298 280 282 285 287 299 281 286 255 262 246 237 234 235] [-1 -1 1 1] face
[306 302 304 290 292 305 303 291 258 257 254 252 251 249 223 238 236 220] [-1 0 -1 1] face
[310 307 308 296 297 311 309 298 260 259 255 265 264 262 224 239 237 227] [-1 0 1 1] face
[315 312 313 138 185 316 314 186 253 251 182 268 267 176 221 240 184 229] [-1 1 -1 0] face
[302 321 304 320 303 317 318 312 313 322 319 314 257 251 267 238 241 240] [-1 1 -1 1] face
[326 323 324 317 318 327 325 319 261 259 257 270 269 267 225 242 241 230] [-1 1 0 1] face
[307 331 308 332 309 323 324 328 329 333 325 330 259 264 269 239 242 243] [-1 1 1 1] face
[334 328 329 128 172 335 330 173 266 264 169 271 269 166 228 243 171 231] [-1 1 1 0] face
[340 337 338 162 90 276 272 158 339 336 161 275] [0 -1 -1 0] face
[348 345 346 342 343 284 280 277 347 344 341 283] [0 -1 0 1] face
[353 350 351 155 74 289 285 151 352 349 154 288] [0 -1 1 0] face
[355 356 359 290 295 354 358 294 342 343 277 337 338 272 341 357 293 336] [0 -1 -1 1] face
[360 362 364 296 300 361 365 301 345 346 280 350 351 285 344 363 299 349] [0 -1 1 1] face
[370 367 368 355 356 306 302 290 369 366 354 305] [0 0 -1 1] face
[374 371 373 360 362 310 307 296 375 372 361 311] [0 0 1 1] face
[379 376 378 141 36 315 312 138 380 377 142 316] [0 1 -1 0] face
[367 368 385 302 321 366 384 320 381 383 317 376 378 312 382 386 322 377] [0 1 -1 1] face
[390 387 389 381 383 326 323 317 391 388 382 327] [0 1 0 1] face
[371 373 395 307 331 372 396 332 387 389 323 392 394 328 388 397 333 393] [0 1 1 1] face
[398 392 394 131 12 334 328 128 399 393 132 335] [0 1 1 0] face
[347 344 363 405 86 150 75 70 341 357 404 157 91 82 283 299 281 163 152 203 293 278 159 209 352 349 406 154 77 339 336 403 161 93 288 286 205 275 273 211 402 401 87 400 248 247 215 245] [0 -1 0 0] face
[369 366 384 412 65 137 37 32 354 358 409 147 92 61 305 320 303 148 139 183 294 291 160 197 379 376 413 141 39 340 337 407 162 94 315 313 185 276 274 212 411 410 66 408 253 252 200 250] [0 0 -1 0] face
[374 371 395 423 370 367 385 420 360 364 418 355 359 415 310 331 308 306 321 304 300 297 295 292 390 387 425 381 424 348 345 416 342 414 326 324 318 284 282 279 422 421 419 417 261 260 258 256] [0 0 0 1] face
[375 372 396 430 51 127 13 8 361 365 427 144 76 47 311 332 309 145 129 170 301 298 153 190 398 392 432 131 15 353 350 426 155 78 334 329 172 289 287 206 431 429 52 428 266 265 193 263] [0 0 1 0] face
[391 388 397 436 27 125 14 3 382 386 434 134 38 21 327 333 325 135 130 167 322 319 140 177 399 393 438 132 16 380 377 433 142 40 335 330 173 316 314 186 439 437 28 435 271 270 180 268] [0 1 0 0] face
[402 401 442 87 71 400 440 83 444 443 88 441] [1 -1 0 0] face
[340 338 407 90 94 339 403 93 408 445 62 400 440 83 447 446 95 441] [1 -1 -1 0] face
[356 359 415 358 409 343 414 338 407 357 404 403 448 445 440 450 449 446] [1 -1 -1 1] face
[348 346 416 343 414 347 405 404 417 451 448 401 442 440 453 452 449 443] [1 -1 0 1] face
[362 364 418 365 427 346 416 351 426 363 405 406 451 454 442 456 452 455] [1 -1 1 1] face
[353 351 426 74 78 352 406 77 428 454 48 402 442 71 457 455 79 444] [1 -1 1 0] face
[411 410 458 66 33 408 445 62 460 459 67 447] [1 0 -1 0] face
[370 368 420 356 415 369 412 409 419 461 448 410 458 445 462 463 450 459] [1 0 -1 1] face
[422 421 464 419 461 417 451 448 466 465 462 453] [1 0 0 1] face
[374 373 423 362 418 375 430 427 421 464 451 429 467 454 465 469 456 468] [1 0 1 1] face
[431 429 467 52 9 428 454 48 470 468 53 457] [1 0 1 0] face
[368 385 420 384 412 383 424 378 413 386 434 433 461 458 471 463 473 472] [1 1 -1 1] face
[379 378 413 36 39 380 433 40 411 458 33 435 471 22 460 472 41 474] [1 1 -1 0] face
[390 389 425 383 424 391 436 434 422 464 461 437 475 471 466 476 473 477] [1 1 0 1] face
[373 395 423 396 430 389 425 394 432 397 436 438 464 467 475 469 476 478] [1 1 1 1] face
[398 394 432 12 15 399 438 16 431 467 9 439 475 4 470 478 17 479] [1 1 1 0] face
[439 437 475 28 4 435 471 22 479 477 29 474] [1 1 0 0] face
[466 465 469 476 25 44 10 5 462 463 473 56 34 23 453 456 452 58 49 72 450 449 63 84 470 468 478 53 17 460 459 472 67 41 457 455 79 447 446 95 479 477 29 474 444 443 88 441] [1 0 0 0] face
]
shape [0.5 0.5 0.5 0.5] translate [0.5 0.5 0.5 0.5] aligncenter "runcitruncated-16cell" def

