[
[1 2.414213562373095 3.8284271247461903 5.242640687119284]
[1 2.414213562373095 3.8284271247461903 -5.242640687119284]
[1 2.414213562373095 -3.8284271247461903 5.242640687119284]
[1 2.414213562373095 -3.8284271247461903 -5.242640687119284]
[1 -2.414213562373095 3.8284271247461903 5.242640687119284]
[1 -2.414213562373095 3.8284271247461903 -5.242640687119284]
[1 -2.414213562373095 -3.8284271247461903 5.242640687119284]
[1 -2.414213562373095 -3.8284271247461903 -5.242640687119284]
[-1 2.414213562373095 3.8284271247461903 5.242640687119284]
[-1 2.414213562373095 3.8284271247461903 -5.242640687119284]
[-1 2.414213562373095 -3.8284271247461903 5.242640687119284]
[-1 2.414213562373095 -3.8284271247461903 -5.242640687119284]
[-1 -2.414213562373095 3.8284271247461903 5.242640687119284]
[-1 -2.414213562373095 3.8284271247461903 -5.242640687119284]
[-1 -2.414213562373095 -3.8284271247461903 5.242640687119284]
[-1 -2.414213562373095 -3.8284271247461903 -5.242640687119284]
[1 2.414213562373095 5.242640687119284 3.8284271247461903]
[1 2.414213562373095 5.242640687119284 -3.8284271247461903]
[1 2.414213562373095 -5.242640687119284 3.8284271247461903]
[1 2.414213562373095 -5.242640687119284 -3.8284271247461903]
[1 -2.414213562373095 5.242640687119284 3.8284271247461903]
[1 -2.414213562373095 5.242640687119284 -3.8284271247461903]
[1 -2.414213562373095 -5.242640687119284 3.8284271247461903]
[1 -2.414213562373095 -5.242640687119284 -3.8284271247461903]
[-1 2.414213562373095 5.242640687119284 3.8284271247461903]
[-1 2.414213562373095 5.242640687119284 -3.8284271247461903]
[-1 2.414213562373095 -5.242640687119284 3.8284271247461903]
[-1 2.414213562373095 -5.242640687119284 -3.8284271247461903]
[-1 -2.414213562373095 5.242640687119284 3.8284271247461903]
[-1 -2.414213562373095 5.242640687119284 -3.8284271247461903]
[-1 -2.414213562373095 -5.242640687119284 3.8284271247461903]
[-1 -2.414213562373095 -5.242640687119284 -3.8284271247461903]
[1 3.8284271247461903 2.414213562373095 5.242640687119284]
[1 3.8284271247461903 2.414213562373095 -5.242640687119284]
[1 3.8284271247461903 -2.414213562373095 5.242640687119284]
[1 3.8284271247461903 -2.414213562373095 -5.242640687119284]
[1 -3.8284271247461903 2.414213562373095 5.242640687119284]
[1 -3.8284271247461903 2.414213562373095 -5.242640687119284]
[1 -3.8284271247461903 -2.414213562373095 5.242640687119284]
[1 -3.8284271247461903 -2.414213562373095 -5.242640687119284]
[-1 3.8284271247461903 2.414213562373095 5.242640687119284]
[-1 3.8284271247461903 2.414213562373095 -5.242640687119284]
[-1 3.8284271247461903 -2.414213562373095 5.242640687119284]
[-1 3.8284271247461903 -2.414213562373095 -5.242640687119284]
[-1 -3.8284271247461903 2.414213562373095 5.242640687119284]
[-1 -3.8284271247461903 2.414213562373095 -5.242640687119284]
[-1 -3.8284271247461903 -2.414213562373095 5.242640687119284]
[-1 -3.8284271247461903 -2.414213562373095 -5.242640687119284]
[1 3.8284271247461903 5.242640687119284 2.414213562373095]
[1 3.8284271247461903 5.242640687119284 -2.414213562373095]
[1 3.8284271247461903 -5.242640687119284 2.414213562373095]
[1 3.8284271247461903 -5.242640687119284 -2.414213562373095]
[1 -3.8284271247461903 5.242640687119284 2.414213562373095]
[1 -3.8284271247461903 5.242640687119284 -2.414213562373095]
[1 -3.8284271247461903 -5.242640687119284 2.414213562373095]
[1 -3.8284271247461903 -5.242640687119284 -2.414213562373095]
[-1 3.8284271247461903 5.242640687119284 2.414213562373095]
[-1 3.8284271247461903 5.242640687119284 -2.414213562373095]
[-1 3.8284271247461903 -5.242640687119284 2.414213562373095]
[-1 3.8284271247461903 -5.242640687119284 -2.414213562373095]
[-1 -3.8284271247461903 5.242640687119284 2.414213562373095]
[-1 -3.8284271247461903 5.242640687119284 -2.414213562373095]
[-1 -3.8284271247461903 -5.242640687119284 2.414213562373095]
[-1 -3.8284271247461903 -5.242640687119284 -2.414213562373095]
[1 5.242640687119284 2.414213562373095 3.8284271247461903]
[1 5.242640687119284 2.414213562373095 -3.8284271247461903]
[1 5.242640687119284 -2.414213562373095 3.8284271247461903]
[1 5.242640687119284 -2.414213562373095 -3.8284271247461903]
[1 -5.242640687119284 2.414213562373095 3.8284271247461903]
[1 -5.242640687119284 2.414213562373095 -3.8284271247461903]
[1 -5.242640687119284 -2.414213562373095 3.8284271247461903]
[1 -5.242640687119284 -2.414213562373095 -3.8284271247461903]
[-1 5.242640687119284 2.414213562373095 3.8284271247461903]
[-1 5.242640687119284 2.414213562373095 -3.8284271247461903]
[-1 5.242640687119284 -2.414213562373095 3.8284271247461903]
[-1 5.242640687119284 -2.414213562373095 -3.8284271247461903]
[-1 -5.242640687119284 2.414213562373095 3.8284271247461903]
[-1 -5.242640687119284 2.414213562373095 -3.8284271247461903]
[-1 -5.242640687119284 -2.414213562373095 3.8284271247461903]
[-1 -5.242640687119284 -2.414213562373095 -3.8284271247461903]
[1 5.242640687119284 3.8284271247461903 2.414213562373095]
[1 5.242640687119284 3.8284271247461903 -2.414213562373095]
[1 5.242640687119284 -3.8284271247461903 2.414213562373095]
[1 5.242640687119284 -3.8284271247461903 -2.414213562373095]
[1 -5.242640687119284 3.8284271247461903 2.414213562373095]
[1 -5.242640687119284 3.8284271247461903 -2.414213562373095]
[1 -5.242640687119284 -3.8284271247461903 2.414213562373095]
[1 -5.242640687119284 -3.8284271247461903 -2.414213562373095]
[-1 5.242640687119284 3.8284271247461903 2.414213562373095]
[-1 5.242640687119284 3.8284271247461903 -2.414213562373095]
[-1 5.242640687119284 -3.8284271247461903 2.414213562373095]
[-1 5.242640687119284 -3.8284271247461903 -2.414213562373095]
[-1 -5.242640687119284 3.8284271247461903 2.414213562373095]
[-1 -5.242640687119284 3.8284271247461903 -2.414213562373095]
[-1 -5.242640687119284 -3.8284271247461903 2.414213562373095]
[-1 -5.242640687119284 -3.8284271247461903 -2.414213562373095]
[2.414213562373095 1 3.8284271247461903 5.242640687119284]
[2.414213562373095 1 3.8284271247461903 -5.242640687119284]
[2.414213562373095 1 -3.8284271247461903 5.242640687119284]
[2.414213562373095 1 -3.8284271247461903 -5.242640687119284]
[2.414213562373095 -1 3.8284271247461903 5.242640687119284]
[2.414213562373095 -1 3.8284271247461903 -5.242640687119284]
[2.414213562373095 -1 -3.8284271247461903 5.242640687119284]
[2.414213562373095 -1 -3.8284271247461903 -5.242640687119284]
[-2.414213562373095 1 3.8284271247461903 5.242640687119284]
[-2.414213562373095 1 3.8284271247461903 -5.242640687119284]
[-2.414213562373095 1 -3.8284271247461903 5.242640687119284]
[-2.414213562373095 1 -3.8284271247461903 -5.242640687119284]
[-2.414213562373095 -1 3.8284271247461903 5.242640687119284]
[-2.414213562373095 -1 3.8284271247461903 -5.242640687119284]
[-2.414213562373095 -1 -3.8284271247461903 5.242640687119284]
[-2.414213562373095 -1 -3.8284271247461903 -5.242640687119284]
[2.414213562373095 1 5.242640687119284 3.8284271247461903]
[2.414213562373095 1 5.242640687119284 -3.8284271247461903]
[2.414213562373095 1 -5.242640687119284 3.8284271247461903]
[2.414213562373095 1 -5.242640687119284 -3.8284271247461903]
[2.414213562373095 -1 5.242640687119284 3.8284271247461903]
[2.414213562373095 -1 5.242640687119284 -3.8284271247461903]
[2.414213562373095 -1 -5.242640687119284 3.8284271247461903]
[2.414213562373095 -1 -5.242640687119284 -3.8284271247461903]
[-2.414213562373095 1 5.242640687119284 3.8284271247461903]
[-2.414213562373095 1 5.242640687119284 -3.8284271247461903]
[-2.414213562373095 1 -5.242640687119284 3.8284271247461903]
[-2.414213562373095 1 -5.242640687119284 -3.8284271247461903]
[-2.414213562373095 -1 5.242640687119284 3.8284271247461903]
[-2.414213562373095 -1 5.242640687119284 -3.8284271247461903]
[-2.414213562373095 -1 -5.242640687119284 3.8284271247461903]
[-2.414213562373095 -1 -5.242640687119284 -3.8284271247461903]
[2.414213562373095 3.8284271247461903 1 5.242640687119284]
[2.414213562373095 3.8284271247461903 1 -5.242640687119284]
[2.414213562373095 3.8284271247461903 -1 5.242640687119284]
[2.414213562373095 3.8284271247461903 -1 -5.242640687119284]
[2.414213562373095 -3.8284271247461903 1 5.242640687119284]
[2.414213562373095 -3.8284271247461903 1 -5.242640687119284]
[2.414213562373095 -3.8284271247461903 -1 5.242640687119284]
[2.414213562373095 -3.8284271247461903 -1 -5.242640687119284]
[-2.414213562373095 3.8284271247461903 1 5.242640687119284]
[-2.414213562373095 3.8284271247461903 1 -5.242640687119284]
[-2.414213562373095 3.8284271247461903 -1 5.242640687119284]
[-2.414213562373095 3.8284271247461903 -1 -5.242640687119284]
[-2.414213562373095 -3.8284271247461903 1 5.242640687119284]
[-2.414213562373095 -3.8284271247461903 1 -5.242640687119284]
[-2.414213562373095 -3.8284271247461903 -1 5.242640687119284]
[-2.414213562373095 -3.8284271247461903 -1 -5.242640687119284]
[2.414213562373095 3.8284271247461903 5.242640687119284 1]
[2.414213562373095 3.8284271247461903 5.242640687119284 -1]
[2.414213562373095 3.8284271247461903 -5.242640687119284 1]
[2.414213562373095 3.8284271247461903 -5.242640687119284 -1]
[2.414213562373095 -3.8284271247461903 5.242640687119284 1]
[2.414213562373095 -3.8284271247461903 5.242640687119284 -1]
[2.414213562373095 -3.8284271247461903 -5.242640687119284 1]
[2.414213562373095 -3.8284271247461903 -5.242640687119284 -1]
[-2.414213562373095 3.8284271247461903 5.242640687119284 1]
[-2.414213562373095 3.8284271247461903 5.242640687119284 -1]
[-2.414213562373095 3.8284271247461903 -5.242640687119284 1]
[-2.414213562373095 3.8284271247461903 -5.242640687119284 -1]
[-2.414213562373095 -3.8284271247461903 5.242640687119284 1]
[-2.414213562373095 -3.8284271247461903 5.242640687119284 -1]
[-2.414213562373095 -3.8284271247461903 -5.242640687119284 1]
[-2.414213562373095 -3.8284271247461903 -5.242640687119284 -1]
[2.414213562373095 5.242640687119284 1 3.8284271247461903]
[2.414213562373095 5.242640687119284 1 -3.8284271247461903]
[2.414213562373095 5.242640687119284 -1 3.8284271247461903]
[2.414213562373095 5.242640687119284 -1 -3.8284271247461903]
[2.414213562373095 -5.242640687119284 1 3.8284271247461903]
[2.414213562373095 -5.242640687119284 1 -3.8284271247461903]
[2.414213562373095 -5.242640687119284 -1 3.8284271247461903]
[2.414213562373095 -5.242640687119284 -1 -3.8284271247461903]
[-2.414213562373095 5.242640687119284 1 3.8284271247461903]
[-2.414213562373095 5.242640687119284 1 -3.8284271247461903]
[-2.414213562373095 5.242640687119284 -1 3.8284271247461903]
[-2.414213562373095 5.242640687119284 -1 -3.8284271247461903]
[-2.414213562373095 -5.242640687119284 1 3.8284271247461903]
[-2.414213562373095 -5.242640687119284 1 -3.8284271247461903]
[-2.414213562373095 -5.242640687119284 -1 3.8284271247461903]
[-2.414213562373095 -5.242640687119284 -1 -3.8284271247461903]
[2.414213562373095 5.242640687119284 3.8284271247461903 1]
[2.414213562373095 5.242640687119284 3.8284271247461903 -1]
[2.414213562373095 5.242640687119284 -3.8284271247461903 1]
[2.414213562373095 5.242640687119284 -3.8284271247461903 -1]
[2.414213562373095 -5.242640687119284 3.8284271247461903 1]
[2.414213562373095 -5.242640687119284 3.8284271247461903 -1]
[2.414213562373095 -5.242640687119284 -3.8284271247461903 1]
[2.414213562373095 -5.242640687119284 -3.8284271247461903 -1]
[-2.414213562373095 5.242640687119284 3.8284271247461903 1]
[-2.414213562373095 5.242640687119284 3.8284271247461903 -1]
[-2.414213562373095 5.242640687119284 -3.8284271247461903 1]
[-2.414213562373095 5.242640687119284 -3.8284271247461903 -1]
[-2.414213562373095 -5.242640687119284 3.8284271247461903 1]
[-2.414213562373095 -5.242640687119284 3.8284271247461903 -1]
[-2.414213562373095 -5.242640687119284 -3.8284271247461903 1]
[-2.414213562373095 -5.242640687119284 -3.8284271247461903 -1]
[3.8284271247461903 1 2.414213562373095 5.242640687119284]
[3.8284271247461903 1 2.414213562373095 -5.242640687119284]
[3.8284271247461903 1 -2.414213562373095 5.242640687119284]
[3.8284271247461903 1 -2.414213562373095 -5.242640687119284]
[3.8284271247461903 -1 2.414213562373095 5.242640687119284]
[3.8284271247461903 -1 2.414213562373095 -5.242640687119284]
[3.8284271247461903 -1 -2.414213562373095 5.242640687119284]
[3.8284271247461903 -1 -2.414213562373095 -5.242640687119284]
[-3.8284271247461903 1 2.414213562373095 5.242640687119284]
[-3.8284271247461903 1 2.414213562373095 -5.242640687119284]
[-3.8284271247461903 1 -2.414213562373095 5.242640687119284]
[-3.8284271247461903 1 -2.414213562373095 -5.242640687119284]
[-3.8284271247461903 -1 2.414213562373095 5.242640687119284]
[-3.8284271247461903 -1 2.414213562373095 -5.242640687119284]
[-3.8284271247461903 -1 -2.414213562373095 5.242640687119284]
[-3.8284271247461903 -1 -2.414213562373095 -5.242640687119284]
[3.8284271247461903 1 5.242640687119284 2.414213562373095]
[3.8284271247461903 1 5.242640687119284 -2.414213562373095]
[3.8284271247461903 1 -5.242640687119284 2.414213562373095]
[3.8284271247461903 1 -5.242640687119284 -2.414213562373095]
[3.8284271247461903 -1 5.242640687119284 2.414213562373095]
[3.8284271247461903 -1 5.242640687119284 -2.414213562373095]
[3.8284271247461903 -1 -5.242640687119284 2.414213562373095]
[3.8284271247461903 -1 -5.242640687119284 -2.414213562373095]
[-3.8284271247461903 1 5.242640687119284 2.414213562373095]
[-3.8284271247461903 1 5.242640687119284 -2.414213562373095]
[-3.8284271247461903 1 -5.242640687119284 2.414213562373095]
[-3.8284271247461903 1 -5.242640687119284 -2.414213562373095]
[-3.8284271247461903 -1 5.242640687119284 2.414213562373095]
[-3.8284271247461903 -1 5.242640687119284 -2.414213562373095]
[-3.8284271247461903 -1 -5.242640687119284 2.414213562373095]
[-3.8284271247461903 -1 -5.242640687119284 -2.414213562373095]
[3.8284271247461903 2.414213562373095 1 5.242640687119284]
[3.8284271247461903 2.414213562373095 1 -5.242640687119284]
[3.8284271247461903 2.414213562373095 -1 5.242640687119284]
[3.8284271247461903 2.414213562373095 -1 -5.242640687119284]
[3.8284271247461903 -2.414213562373095 1 5.242640687119284]
[3.8284271247461903 -2.414213562373095 1 -5.242640687119284]
[3.8284271247461903 -2.414213562373095 -1 5.242640687119284]
[3.8284271247461903 -2.414213562373095 -1 -5.242640687119284]
[-3.8284271247461903 2.414213562373095 1 5.242640687119284]
[-3.8284271247461903 2.414213562373095 1 -5.242640687119284]
[-3.8284271247461903 2.414213562373095 -1 5.242640687119284]
[-3.8284271247461903 2.414213562373095 -1 -5.242640687119284]
[-3.8284271247461903 -2.414213562373095 1 5.242640687119284]
[-3.8284271247461903 -2.414213562373095 1 -5.242640687119284]
[-3.8284271247461903 -2.414213562373095 -1 5.242640687119284]
[-3.8284271247461903 -2.414213562373095 -1 -5.242640687119284]
[3.8284271247461903 2.414213562373095 5.242640687119284 1]
[3.8284271247461903 2.414213562373095 5.242640687119284 -1]
[3.8284271247461903 2.414213562373095 -5.242640687119284 1]
[3.8284271247461903 2.414213562373095 -5.242640687119284 -1]
[3.8284271247461903 -2.414213562373095 5.242640687119284 1]
[3.8284271247461903 -2.414213562373095 5.242640687119284 -1]
[3.8284271247461903 -2.414213562373095 -5.242640687119284 1]
[3.8284271247461903 -2.414213562373095 -5.242640687119284 -1]
[-3.8284271247461903 2.414213562373095 5.242640687119284 1]
[-3.8284271247461903 2.414213562373095 5.242640687119284 -1]
[-3.8284271247461903 2.414213562373095 -5.242640687119284 1]
[-3.8284271247461903 2.414213562373095 -5.242640687119284 -1]
[-3.8284271247461903 -2.414213562373095 5.242640687119284 1]
[-3.8284271247461903 -2.414213562373095 5.242640687119284 -1]
[-3.8284271247461903 -2.414213562373095 -5.242640687119284 1]
[-3.8284271247461903 -2.414213562373095 -5.242640687119284 -1]
[3.8284271247461903 5.242640687119284 1 2.414213562373095]
[3.8284271247461903 5.242640687119284 1 -2.414213562373095]
[3.8284271247461903 5.242640687119284 -1 2.414213562373095]
[3.8284271247461903 5.242640687119284 -1 -2.414213562373095]
[3.8284271247461903 -5.242640687119284 1 2.414213562373095]
[3.8284271247461903 -5.242640687119284 1 -2.414213562373095]
[3.8284271247461903 -5.242640687119284 -1 2.414213562373095]
[3.8284271247461903 -5.242640687119284 -1 -2.414213562373095]
[-3.8284271247461903 5.242640687119284 1 2.414213562373095]
[-3.8284271247461903 5.242640687119284 1 -2.414213562373095]
[-3.8284271247461903 5.242640687119284 -1 2.414213562373095]
[-3.8284271247461903 5.242640687119284 -1 -2.414213562373095]
[-3.8284271247461903 -5.242640687119284 1 2.414213562373095]
[-3.8284271247461903 -5.242640687119284 1 -2.414213562373095]
[-3.8284271247461903 -5.242640687119284 -1 2.414213562373095]
[-3.8284271247461903 -5.242640687119284 -1 -2.414213562373095]
[3.8284271247461903 5.242640687119284 2.414213562373095 1]
[3.8284271247461903 5.242640687119284 2.414213562373095 -1]
[3.8284271247461903 5.242640687119284 -2.414213562373095 1]
[3.8284271247461903 5.242640687119284 -2.414213562373095 -1]
[3.8284271247461903 -5.242640687119284 2.414213562373095 1]
[3.8284271247461903 -5.242640687119284 2.414213562373095 -1]
[3.8284271247461903 -5.242640687119284 -2.414213562373095 1]
[3.8284271247461903 -5.242640687119284 -2.414213562373095 -1]
[-3.8284271247461903 5.242640687119284 2.414213562373095 1]
[-3.8284271247461903 5.242640687119284 2.414213562373095 -1]
[-3.8284271247461903 5.242640687119284 -2.414213562373095 1]
[-3.8284271247461903 5.242640687119284 -2.414213562373095 -1]
[-3.8284271247461903 -5.242640687119284 2.414213562373095 1]
[-3.8284271247461903 -5.242640687119284 2.414213562373095 -1]
[-3.8284271247461903 -5.242640687119284 -2.414213562373095 1]
[-3.8284271247461903 -5.242640687119284 -2.414213562373095 -1]
[5.242640687119284 1 2.414213562373095 3.8284271247461903]
[5.242640687119284 1 2.414213562373095 -3.8284271247461903]
[5.242640687119284 1 -2.414213562373095 3.8284271247461903]
[5.242640687119284 1 -2.414213562373095 -3.8284271247461903]
[5.242640687119284 -1 2.414213562373095 3.8284271247461903]
[5.242640687119284 -1 2.414213562373095 -3.8284271247461903]
[5.242640687119284 -1 -2.414213562373095 3.8284271247461903]
[5.242640687119284 -1 -2.414213562373095 -3.8284271247461903]
[-5.242640687119284 1 2.414213562373095 3.8284271247461903]
[-5.242640687119284 1 2.414213562373095 -3.8284271247461903]
[-5.242640687119284 1 -2.414213562373095 3.8284271247461903]
[-5.242640687119284 1 -2.414213562373095 -3.8284271247461903]
[-5.242640687119284 -1 2.414213562373095 3.8284271247461903]
[-5.242640687119284 -1 2.414213562373095 -3.8284271247461903]
[-5.242640687119284 -1 -2.414213562373095 3.8284271247461903]
[-5.242640687119284 -1 -2.414213562373095 -3.8284271247461903]
[5.242640687119284 1 3.8284271247461903 2.414213562373095]
[5.242640687119284 1 3.8284271247461903 -2.414213562373095]
[5.242640687119284 1 -3.8284271247461903 2.414213562373095]
[5.242640687119284 1 -3.8284271247461903 -2.414213562373095]
[5.242640687119284 -1 3.8284271247461903 2.414213562373095]
[5.242640687119284 -1 3.8284271247461903 -2.414213562373095]
[5.242640687119284 -1 -3.8284271247461903 2.414213562373095]
[5.242640687119284 -1 -3.8284271247461903 -2.414213562373095]
[-5.242640687119284 1 3.8284271247461903 2.414213562373095]
[-5.242640687119284 1 3.8284271247461903 -2.414213562373095]
[-5.242640687119284 1 -3.8284271247461903 2.414213562373095]
[-5.242640687119284 1 -3.8284271247461903 -2.414213562373095]
[-5.242640687119284 -1 3.8284271247461903 2.414213562373095]
[-5.242640687119284 -1 3.8284271247461903 -2.414213562373095]
[-5.242640687119284 -1 -3.8284271247461903 2.414213562373095]
[-5.242640687119284 -1 -3.8284271247461903 -2.414213562373095]
[5.242640687119284 2.414213562373095 1 3.8284271247461903]
[5.242640687119284 2.414213562373095 1 -3.8284271247461903]
[5.242640687119284 2.414213562373095 -1 3.8284271247461903]
[5.242640687119284 2.414213562373095 -1 -3.8284271247461903]
[5.242640687119284 -2.414213562373095 1 3.8284271247461903]
[5.242640687119284 -2.414213562373095 1 -3.8284271247461903]
[5.242640687119284 -2.414213562373095 -1 3.8284271247461903]
[5.242640687119284 -2.414213562373095 -1 -3.8284271247461903]
[-5.242640687119284 2.414213562373095 1 3.8284271247461903]
[-5.242640687119284 2.414213562373095 1 -3.8284271247461903]
[-5.242640687119284 2.414213562373095 -1 3.8284271247461903]
[-5.242640687119284 2.414213562373095 -1 -3.8284271247461903]
[-5.242640687119284 -2.414213562373095 1 3.8284271247461903]
[-5.242640687119284 -2.414213562373095 1 -3.8284271247461903]
[-5.242640687119284 -2.414213562373095 -1 3.8284271247461903]
[-5.242640687119284 -2.414213562373095 -1 -3.8284271247461903]
[5.242640687119284 2.414213562373095 3.8284271247461903 1]
[5.242640687119284 2.414213562373095 3.8284271247461903 -1]
[5.242640687119284 2.414213562373095 -3.8284271247461903 1]
[5.242640687119284 2.414213562373095 -3.8284271247461903 -1]
[5.242640687119284 -2.414213562373095 3.8284271247461903 1]
[5.242640687119284 -2.414213562373095 3.8284271247461903 -1]
[5.242640687119284 -2.414213562373095 -3.8284271247461903 1]
[5.242640687119284 -2.414213562373095 -3.8284271247461903 -1]
[-5.242640687119284 2.414213562373095 3.8284271247461903 1]
[-5.242640687119284 2.414213562373095 3.8284271247461903 -1]
[-5.242640687119284 2.414213562373095 -3.8284271247461903 1]
[-5.242640687119284 2.414213562373095 -3.8284271247461903 -1]
[-5.242640687119284 -2.414213562373095 3.8284271247461903 1]
[-5.242640687119284 -2.414213562373095 3.8284271247461903 -1]
[-5.242640687119284 -2.414213562373095 -3.8284271247461903 1]
[-5.242640687119284 -2.414213562373095 -3.8284271247461903 -1]
[5.242640687119284 3.8284271247461903 1 2.414213562373095]
[5.242640687119284 3.8284271247461903 1 -2.414213562373095]
[5.242640687119284 3.8284271247461903 -1 2.414213562373095]
[5.242640687119284 3.8284271247461903 -1 -2.414213562373095]
[5.242640687119284 -3.8284271247461903 1 2.414213562373095]
[5.242640687119284 -3.8284271247461903 1 -2.414213562373095]
[5.242640687119284 -3.8284271247461903 -1 2.414213562373095]
[5.242640687119284 -3.8284271247461903 -1 -2.414213562373095]
[-5.242640687119284 3.8284271247461903 1 2.414213562373095]
[-5.242640687119284 3.8284271247461903 1 -2.414213562373095]
[-5.242640687119284 3.8284271247461903 -1 2.414213562373095]
[-5.242640687119284 3.8284271247461903 -1 -2.414213562373095]
[-5.242640687119284 -3.8284271247461903 1 2.414213562373095]
[-5.242640687119284 -3.8284271247461903 1 -2.414213562373095]
[-5.242640687119284 -3.8284271247461903 -1 2.414213562373095]
[-5.242640687119284 -3.8284271247461903 -1 -2.414213562373095]
[5.242640687119284 3.8284271247461903 2.414213562373095 1]
[5.242640687119284 3.8284271247461903 2.414213562373095 -1]
[5.242640687119284 3.8284271247461903 -2.414213562373095 1]
[5.242640687119284 3.8284271247461903 -2.414213562373095 -1]
[5.242640687119284 -3.8284271247461903 2.414213562373095 1]
[5.242640687119284 -3.8284271247461903 2.414213562373095 -1]
[5.242640687119284 -3.8284271247461903 -2.414213562373095 1]
[5.242640687119284 -3.8284271247461903 -2.414213562373095 -1]
[-5.242640687119284 3.8284271247461903 2.414213562373095 1]
[-5.242640687119284 3.8284271247461903 2.414213562373095 -1]
[-5.242640687119284 3.8284271247461903 -2.414213562373095 1]
[-5.242640687119284 3.8284271247461903 -2.414213562373095 -1]
[-5.242640687119284 -3.8284271247461903 2.414213562373095 1]
[-5.242640687119284 -3.8284271247461903 2.414213562373095 -1]
[-5.242640687119284 -3.8284271247461903 -2.414213562373095 1]
[-5.242640687119284 -3.8284271247461903 -2.414213562373095 -1]
[0 1.4142135623730954 2.8284271247461907 6.242640687119284]
[0 1.4142135623730954 2.8284271247461907 -6.242640687119284]
[0 1.4142135623730954 -2.8284271247461907 6.242640687119284]
[0 1.4142135623730954 -2.8284271247461907 -6.242640687119284]
[0 -1.4142135623730954 2.8284271247461907 6.242640687119284]
[0 -1.4142135623730954 2.8284271247461907 -6.242640687119284]
[0 -1.4142135623730954 -2.8284271247461907 6.242640687119284]
[0 -1.4142135623730954 -2.8284271247461907 -6.242640687119284]
[0 1.4142135623730954 6.242640687119284 2.8284271247461907]
[0 1.4142135623730954 6.242640687119284 -2.8284271247461907]
[0 1.4142135623730954 -6.242640687119284 2.8284271247461907]
[0 1.4142135623730954 -6.242640687119284 -2.8284271247461907]
[0 -1.4142135623730954 6.242640687119284 2.8284271247461907]
[0 -1.4142135623730954 6.242640687119284 -2.8284271247461907]
[0 -1.4142135623730954 -6.242640687119284 2.8284271247461907]
[0 -1.4142135623730954 -6.242640687119284 -2.8284271247461907]
[0 2.8284271247461907 1.4142135623730954 6.242640687119284]
[0 2.8284271247461907 1.4142135623730954 -6.242640687119284]
[0 2.8284271247461907 -1.4142135623730954 6.242640687119284]
[0 2.8284271247461907 -1.4142135623730954 -6.242640687119284]
[0 -2.8284271247461907 1.4142135623730954 6.242640687119284]
[0 -2.8284271247461907 1.4142135623730954 -6.242640687119284]
[0 -2.8284271247461907 -1.4142135623730954 6.242640687119284]
[0 -2.8284271247461907 -1.4142135623730954 -6.242640687119284]
[0 2.8284271247461907 6.242640687119284 1.4142135623730954]
[0 2.8284271247461907 6.242640687119284 -1.4142135623730954]
[0 2.8284271247461907 -6.242640687119284 1.4142135623730954]
[0 2.8284271247461907 -6.242640687119284 -1.4142135623730954]
[0 -2.8284271247461907 6.242640687119284 1.4142135623730954]
[0 -2.8284271247461907 6.242640687119284 -1.4142135623730954]
[0 -2.8284271247461907 -6.242640687119284 1.4142135623730954]
[0 -2.8284271247461907 -6.242640687119284 -1.4142135623730954]
[0 6.242640687119284 1.4142135623730954 2.8284271247461907]
[0 6.242640687119284 1.4142135623730954 -2.8284271247461907]
[0 6.242640687119284 -1.4142135623730954 2.8284271247461907]
[0 6.242640687119284 -1.4142135623730954 -2.8284271247461907]
[0 -6.242640687119284 1.4142135623730954 2.8284271247461907]
[0 -6.242640687119284 1.4142135623730954 -2.8284271247461907]
[0 -6.242640687119284 -1.4142135623730954 2.8284271247461907]
[0 -6.242640687119284 -1.4142135623730954 -2.8284271247461907]
[0 6.242640687119284 2.8284271247461907 1.4142135623730954]
[0 6.242640687119284 2.8284271247461907 -1.4142135623730954]
[0 6.242640687119284 -2.8284271247461907 1.4142135623730954]
[0 6.242640687119284 -2.8284271247461907 -1.4142135623730954]
[0 -6.242640687119284 2.8284271247461907 1.4142135623730954]
[0 -6.242640687119284 2.8284271247461907 -1.4142135623730954]
[0 -6.242640687119284 -2.8284271247461907 1.4142135623730954]
[0 -6.242640687119284 -2.8284271247461907 -1.4142135623730954]
[1.4142135623730954 0 2.8284271247461907 6.242640687119284]
[1.4142135623730954 0 2.8284271247461907 -6.242640687119284]
[1.4142135623730954 0 -2.8284271247461907 6.242640687119284]
[1.4142135623730954 0 -2.8284271247461907 -6.242640687119284]
[-1.4142135623730954 0 2.8284271247461907 6.242640687119284]
[-1.4142135623730954 0 2.8284271247461907 -6.242640687119284]
[-1.4142135623730954 0 -2.8284271247461907 6.242640687119284]
[-1.4142135623730954 0 -2.8284271247461907 -6.242640687119284]
[1.4142135623730954 0 6.242640687119284 2.8284271247461907]
[1.4142135623730954 0 6.242640687119284 -2.8284271247461907]
[1.4142135623730954 0 -6.242640687119284 2.8284271247461907]
[1.4142135623730954 0 -6.242640687119284 -2.8284271247461907]
[-1.4142135623730954 0 6.242640687119284 2.8284271247461907]
[-1.4142135623730954 0 6.242640687119284 -2.8284271247461907]
[-1.4142135623730954 0 -6.242640687119284 2.8284271247461907]
[-1.4142135623730954 0 -6.242640687119284 -2.8284271247461907]
[1.4142135623730954 2.8284271247461907 0 6.242640687119284]
[1.4142135623730954 2.8284271247461907 0 -6.242640687119284]
[1.4142135623730954 -2.8284271247461907 0 6.242640687119284]
[1.4142135623730954 -2.8284271247461907 0 -6.242640687119284]
[-1.4142135623730954 2.8284271247461907 0 6.242640687119284]
[-1.4142135623730954 2.8284271247461907 0 -6.242640687119284]
[-1.4142135623730954 -2.8284271247461907 0 6.242640687119284]
[-1.4142135623730954 -2.8284271247461907 0 -6.242640687119284]
[1.4142135623730954 2.8284271247461907 6.242640687119284 0]
[1.4142135623730954 2.8284271247461907 -6.242640687119284 0]
[1.4142135623730954 -2.8284271247461907 6.242640687119284 0]
[1.4142135623730954 -2.8284271247461907 -6.242640687119284 0]
[-1.4142135623730954 2.8284271247461907 6.242640687119284 0]
[-1.4142135623730954 2.8284271247461907 -6.242640687119284 0]
[-1.4142135623730954 -2.8284271247461907 6.242640687119284 0]
[-1.4142135623730954 -2.8284271247461907 -6.242640687119284 0]
[1.4142135623730954 6.242640687119284 0 2.8284271247461907]
[1.4142135623730954 6.242640687119284 0 -2.8284271247461907]
[1.4142135623730954 -6.242640687119284 0 2.8284271247461907]
[1.4142135623730954 -6.242640687119284 0 -2.8284271247461907]
[-1.4142135623730954 6.242640687119284 0 2.8284271247461907]
[-1.4142135623730954 6.242640687119284 0 -2.8284271247461907]
[-1.4142135623730954 -6.242640687119284 0 2.8284271247461907]
[-1.4142135623730954 -6.242640687119284 0 -2.8284271247461907]
[1.4142135623730954 6.242640687119284 2.8284271247461907 0]
[1.4142135623730954 6.242640687119284 -2.8284271247461907 0]
[1.4142135623730954 -6.242640687119284 2.8284271247461907 0]
[1.4142135623730954 -6.242640687119284 -2.8284271247461907 0]
[-1.4142135623730954 6.242640687119284 2.8284271247461907 0]
[-1.4142135623730954 6.242640687119284 -2.8284271247461907 0]
[-1.4142135623730954 -6.242640687119284 2.8284271247461907 0]
[-1.4142135623730954 -6.242640687119284 -2.8284271247461907 0]
[2.8284271247461907 0 1.4142135623730954 6.242640687119284]
[2.8284271247461907 0 1.4142135623730954 -6.242640687119284]
[2.8284271247461907 0 -1.4142135623730954 6.242640687119284]
[2.8284271247461907 0 -1.4142135623730954 -6.242640687119284]
[-2.8284271247461907 0 1.4142135623730954 6.242640687119284]
[-2.8284271247461907 0 1.4142135623730954 -6.242640687119284]
[-2.8284271247461907 0 -1.4142135623730954 6.242640687119284]
[-2.8284271247461907 0 -1.4142135623730954 -6.242640687119284]
[2.8284271247461907 0 6.242640687119284 1.4142135623730954]
[2.8284271247461907 0 6.242640687119284 -1.4142135623730954]
[2.8284271247461907 0 -6.242640687119284 1.4142135623730954]
[2.8284271247461907 0 -6.242640687119284 -1.4142135623730954]
[-2.8284271247461907 0 6.242640687119284 1.4142135623730954]
[-2.8284271247461907 0 6.242640687119284 -1.4142135623730954]
[-2.8284271247461907 0 -6.242640687119284 1.4142135623730954]
[-2.8284271247461907 0 -6.242640687119284 -1.4142135623730954]
[2.8284271247461907 1.4142135623730954 0 6.242640687119284]
[2.8284271247461907 1.4142135623730954 0 -6.242640687119284]
[2.8284271247461907 -1.4142135623730954 0 6.242640687119284]
[2.8284271247461907 -1.4142135623730954 0 -6.242640687119284]
[-2.8284271247461907 1.4142135623730954 0 6.242640687119284]
[-2.8284271247461907 1.4142135623730954 0 -6.242640687119284]
[-2.8284271247461907 -1.4142135623730954 0 6.242640687119284]
[-2.8284271247461907 -1.4142135623730954 0 -6.242640687119284]
[2.8284271247461907 1.4142135623730954 6.242640687119284 0]
[2.8284271247461907 1.4142135623730954 -6.242640687119284 0]
[2.8284271247461907 -1.4142135623730954 6.242640687119284 0]
[2.8284271247461907 -1.4142135623730954 -6.242640687119284 0]
[-2.8284271247461907 1.4142135623730954 6.242640687119284 0]
[-2.8284271247461907 1.4142135623730954 -6.242640687119284 0]
[-2.8284271247461907 -1.4142135623730954 6.242640687119284 0]
[-2.8284271247461907 -1.4142135623730954 -6.242640687119284 0]
[2.8284271247461907 6.242640687119284 0 1.4142135623730954]
[2.8284271247461907 6.242640687119284 0 -1.4142135623730954]
[2.8284271247461907 -6.242640687119284 0 1.4142135623730954]
[2.8284271247461907 -6.242640687119284 0 -1.4142135623730954]
[-2.8284271247461907 6.242640687119284 0 1.4142135623730954]
[-2.8284271247461907 6.242640687119284 0 -1.4142135623730954]
[-2.8284271247461907 -6.242640687119284 0 1.4142135623730954]
[-2.8284271247461907 -6.242640687119284 0 -1.4142135623730954]
[2.8284271247461907 6.242640687119284 1.4142135623730954 0]
[2.8284271247461907 6.242640687119284 -1.4142135623730954 0]
[2.8284271247461907 -6.242640687119284 1.4142135623730954 0]
[2.8284271247461907 -6.242640687119284 -1.4142135623730954 0]
[-2.8284271247461907 6.242640687119284 1.4142135623730954 0]
[-2.8284271247461907 6.242640687119284 -1.4142135623730954 0]
[-2.8284271247461907 -6.242640687119284 1.4142135623730954 0]
[-2.8284271247461907 -6.242640687119284 -1.4142135623730954 0]
[6.242640687119284 0 1.4142135623730954 2.8284271247461907]
[6.242640687119284 0 1.4142135623730954 -2.8284271247461907]
[6.242640687119284 0 -1.4142135623730954 2.8284271247461907]
[6.242640687119284 0 -1.4142135623730954 -2.8284271247461907]
[-6.242640687119284 0 1.4142135623730954 2.8284271247461907]
[-6.242640687119284 0 1.4142135623730954 -2.8284271247461907]
[-6.242640687119284 0 -1.4142135623730954 2.8284271247461907]
[-6.242640687119284 0 -1.4142135623730954 -2.8284271247461907]
[6.242640687119284 0 2.8284271247461907 1.4142135623730954]
[6.242640687119284 0 2.8284271247461907 -1.4142135623730954]
[6.242640687119284 0 -2.8284271247461907 1.4142135623730954]
[6.242640687119284 0 -2.8284271247461907 -1.4142135623730954]
[-6.242640687119284 0 2.8284271247461907 1.4142135623730954]
[-6.242640687119284 0 2.8284271247461907 -1.4142135623730954]
[-6.242640687119284 0 -2.8284271247461907 1.4142135623730954]
[-6.242640687119284 0 -2.8284271247461907 -1.4142135623730954]
[6.242640687119284 1.4142135623730954 0 2.8284271247461907]
[6.242640687119284 1.4142135623730954 0 -2.8284271247461907]
[6.242640687119284 -1.4142135623730954 0 2.8284271247461907]
[6.242640687119284 -1.4142135623730954 0 -2.8284271247461907]
[-6.242640687119284 1.4142135623730954 0 2.8284271247461907]
[-6.242640687119284 1.4142135623730954 0 -2.8284271247461907]
[-6.242640687119284 -1.4142135623730954 0 2.8284271247461907]
[-6.242640687119284 -1.4142135623730954 0 -2.8284271247461907]
[6.242640687119284 1.4142135623730954 2.8284271247461907 0]
[6.242640687119284 1.4142135623730954 -2.8284271247461907 0]
[6.242640687119284 -1.4142135623730954 2.8284271247461907 0]
[6.242640687119284 -1.4142135623730954 -2.8284271247461907 0]
[-6.242640687119284 1.4142135623730954 2.8284271247461907 0]
[-6.242640687119284 1.4142135623730954 -2.8284271247461907 0]
[-6.242640687119284 -1.4142135623730954 2.8284271247461907 0]
[-6.242640687119284 -1.4142135623730954 -2.8284271247461907 0]
[6.242640687119284 2.8284271247461907 0 1.4142135623730954]
[6.242640687119284 2.8284271247461907 0 -1.4142135623730954]
[6.242640687119284 -2.8284271247461907 0 1.4142135623730954]
[6.242640687119284 -2.8284271247461907 0 -1.4142135623730954]
[-6.242640687119284 2.8284271247461907 0 1.4142135623730954]
[-6.242640687119284 2.8284271247461907 0 -1.4142135623730954]
[-6.242640687119284 -2.8284271247461907 0 1.4142135623730954]
[-6.242640687119284 -2.8284271247461907 0 -1.4142135623730954]
[6.242640687119284 2.8284271247461907 1.4142135623730954 0]
[6.242640687119284 2.8284271247461907 -1.4142135623730954 0]
[6.242640687119284 -2.8284271247461907 1.4142135623730954 0]
[6.242640687119284 -2.8284271247461907 -1.4142135623730954 0]
[-6.242640687119284 2.8284271247461907 1.4142135623730954 0]
[-6.242640687119284 2.8284271247461907 -1.4142135623730954 0]
[-6.242640687119284 -2.8284271247461907 1.4142135623730954 0]
[-6.242640687119284 -2.8284271247461907 -1.4142135623730954 0]
][
322 544 edge
322 354 edge
544 560 edge
354 560 edge
320 322 edge
320 544 edge
320 352 edge
352 354 edge
352 560 edge
338 553 edge
338 370 edge
553 569 edge
370 569 edge
290 322 edge
290 530 edge
530 544 edge
306 338 edge
306 538 edge
538 553 edge
290 306 edge
354 370 edge
530 538 edge
560 569 edge
338 339 edge
339 553 edge
339 371 edge
370 371 edge
371 569 edge
324 326 edge
326 546 edge
324 546 edge
482 498 edge
480 498 edge
482 496 edge
480 496 edge
230 498 edge
228 498 edge
228 230 edge
198 482 edge
198 230 edge
196 480 edge
196 228 edge
194 482 edge
194 198 edge
192 480 edge
192 196 edge
226 496 edge
194 226 edge
224 496 edge
224 226 edge
192 224 edge
230 326 edge
228 324 edge
198 294 edge
294 326 edge
196 292 edge
292 324 edge
194 290 edge
290 294 edge
192 288 edge
288 292 edge
226 322 edge
224 320 edge
288 320 edge
294 530 edge
530 546 edge
292 528 edge
528 546 edge
288 528 edge
528 544 edge
311 539 edge
307 311 edge
307 539 edge
343 555 edge
311 343 edge
539 555 edge
342 343 edge
342 555 edge
211 307 edge
211 243 edge
243 339 edge
307 339 edge
215 311 edge
211 215 edge
215 247 edge
247 343 edge
211 491 edge
491 505 edge
243 505 edge
215 491 edge
491 507 edge
247 507 edge
490 507 edge
490 505 edge
246 507 edge
246 247 edge
214 490 edge
214 246 edge
210 490 edge
210 214 edge
242 505 edge
210 242 edge
242 243 edge
246 342 edge
214 310 edge
310 342 edge
210 306 edge
306 310 edge
242 338 edge
310 538 edge
538 555 edge
539 553 edge
293 309 edge
293 529 edge
309 537 edge
529 537 edge
289 305 edge
289 293 edge
305 309 edge
289 529 edge
305 537 edge
547 563 edge
325 357 edge
341 373 edge
357 373 edge
293 325 edge
309 341 edge
357 563 edge
373 570 edge
563 570 edge
325 547 edge
554 570 edge
341 554 edge
529 547 edge
537 554 edge
295 311 edge
295 531 edge
531 539 edge
291 307 edge
291 295 edge
291 531 edge
343 375 edge
375 571 edge
555 571 edge
327 359 edge
359 375 edge
295 327 edge
359 563 edge
563 571 edge
327 547 edge
531 547 edge
326 358 edge
324 356 edge
356 358 edge
358 562 edge
356 562 edge
546 562 edge
342 374 edge
374 375 edge
374 571 edge
161 257 edge
129 225 edge
129 161 edge
225 321 edge
321 353 edge
257 353 edge
113 209 edge
97 193 edge
97 113 edge
193 289 edge
209 305 edge
65 161 edge
65 81 edge
81 177 edge
177 273 edge
257 273 edge
17 113 edge
17 49 edge
49 145 edge
145 241 edge
209 241 edge
33 129 edge
1 97 edge
1 33 edge
193 225 edge
33 65 edge
1 17 edge
49 81 edge
145 177 edge
241 337 edge
337 369 edge
273 369 edge
289 321 edge
305 337 edge
353 369 edge
163 259 edge
131 227 edge
131 163 edge
227 323 edge
323 355 edge
259 355 edge
161 163 edge
257 259 edge
129 131 edge
225 227 edge
321 323 edge
353 355 edge
99 195 edge
115 211 edge
99 115 edge
195 291 edge
67 163 edge
67 83 edge
83 179 edge
179 275 edge
259 275 edge
35 131 edge
3 99 edge
3 35 edge
195 227 edge
19 115 edge
19 51 edge
51 147 edge
147 243 edge
35 67 edge
3 19 edge
51 83 edge
147 179 edge
275 371 edge
291 323 edge
355 371 edge
117 213 edge
101 197 edge
101 117 edge
197 293 edge
213 309 edge
113 117 edge
209 213 edge
97 101 edge
193 197 edge
103 199 edge
119 215 edge
103 119 edge
199 295 edge
99 103 edge
195 199 edge
115 119 edge
133 229 edge
165 261 edge
133 165 edge
261 357 edge
229 325 edge
21 117 edge
21 53 edge
53 149 edge
149 245 edge
213 245 edge
5 101 edge
37 133 edge
5 37 edge
197 229 edge
69 165 edge
69 85 edge
85 181 edge
181 277 edge
261 277 edge
5 21 edge
37 69 edge
53 85 edge
149 181 edge
277 373 edge
245 341 edge
135 231 edge
167 263 edge
135 167 edge
263 359 edge
231 327 edge
7 103 edge
39 135 edge
7 39 edge
199 231 edge
23 119 edge
23 55 edge
55 151 edge
151 247 edge
71 167 edge
71 87 edge
87 183 edge
183 279 edge
263 279 edge
7 23 edge
39 71 edge
55 87 edge
151 183 edge
279 375 edge
133 135 edge
229 231 edge
165 167 edge
261 263 edge
357 359 edge
325 327 edge
465 513 edge
161 465 edge
257 513 edge
65 417 edge
417 465 edge
417 425 edge
81 425 edge
425 472 edge
177 472 edge
472 520 edge
513 520 edge
273 520 edge
163 465 edge
259 513 edge
67 419 edge
419 465 edge
419 427 edge
83 427 edge
427 473 edge
179 473 edge
473 521 edge
513 521 edge
275 521 edge
441 489 edge
113 441 edge
209 489 edge
17 393 edge
393 441 edge
393 409 edge
49 409 edge
409 456 edge
145 456 edge
456 504 edge
489 504 edge
241 504 edge
449 497 edge
129 449 edge
225 497 edge
433 481 edge
97 433 edge
193 481 edge
33 401 edge
401 449 edge
1 385 edge
385 433 edge
385 401 edge
481 497 edge
131 449 edge
227 497 edge
435 483 edge
99 435 edge
195 483 edge
35 403 edge
403 449 edge
3 387 edge
387 435 edge
387 403 edge
483 497 edge
443 491 edge
115 443 edge
395 443 edge
395 411 edge
411 457 edge
457 505 edge
19 395 edge
51 411 edge
147 457 edge
117 441 edge
213 489 edge
101 433 edge
197 481 edge
103 435 edge
199 483 edge
119 443 edge
21 397 edge
397 441 edge
397 413 edge
53 413 edge
413 458 edge
149 458 edge
458 506 edge
489 506 edge
245 506 edge
451 499 edge
133 451 edge
229 499 edge
5 389 edge
389 433 edge
37 405 edge
405 451 edge
389 405 edge
481 499 edge
135 451 edge
231 499 edge
7 391 edge
391 435 edge
39 407 edge
407 451 edge
391 407 edge
483 499 edge
399 443 edge
399 415 edge
415 459 edge
459 507 edge
23 399 edge
55 415 edge
151 459 edge
467 515 edge
165 467 edge
261 515 edge
69 421 edge
421 467 edge
421 429 edge
85 429 edge
429 474 edge
181 474 edge
474 522 edge
515 522 edge
277 522 edge
167 467 edge
263 515 edge
71 423 edge
423 467 edge
423 431 edge
87 431 edge
431 475 edge
183 475 edge
475 523 edge
515 523 edge
279 523 edge
452 500 edge
454 502 edge
486 502 edge
484 502 edge
486 500 edge
484 500 edge
438 486 edge
436 484 edge
390 406 edge
406 454 edge
390 438 edge
388 404 edge
404 454 edge
388 436 edge
386 402 edge
386 438 edge
402 452 edge
384 400 edge
384 436 edge
400 452 edge
406 450 edge
404 450 edge
390 434 edge
386 434 edge
388 432 edge
384 432 edge
402 448 edge
400 448 edge
450 498 edge
434 482 edge
432 480 edge
448 496 edge
395 447 edge
399 447 edge
447 495 edge
461 509 edge
495 509 edge
411 461 edge
463 511 edge
495 511 edge
415 463 edge
494 511 edge
494 509 edge
446 494 edge
398 414 edge
414 463 edge
398 446 edge
394 410 edge
394 446 edge
410 461 edge
414 459 edge
398 442 edge
394 442 edge
410 457 edge
442 490 edge
65 73 edge
73 417 edge
33 41 edge
41 73 edge
67 75 edge
75 419 edge
35 43 edge
43 75 edge
41 401 edge
43 403 edge
73 169 edge
169 469 edge
417 469 edge
75 171 edge
171 469 edge
419 469 edge
41 137 edge
137 453 edge
401 453 edge
43 139 edge
139 453 edge
403 453 edge
137 169 edge
139 171 edge
137 139 edge
169 171 edge
17 25 edge
1 9 edge
9 25 edge
25 393 edge
9 385 edge
21 29 edge
29 397 edge
5 13 edge
13 29 edge
13 389 edge
25 121 edge
121 445 edge
393 445 edge
9 105 edge
105 437 edge
385 437 edge
29 125 edge
125 445 edge
397 445 edge
13 109 edge
109 437 edge
389 437 edge
105 121 edge
109 125 edge
121 125 edge
105 109 edge
3 11 edge
19 27 edge
11 27 edge
11 387 edge
27 395 edge
7 15 edge
15 391 edge
23 31 edge
15 31 edge
31 399 edge
11 107 edge
107 439 edge
387 439 edge
27 123 edge
123 447 edge
15 111 edge
111 439 edge
391 439 edge
31 127 edge
127 447 edge
107 123 edge
111 127 edge
107 111 edge
123 127 edge
37 45 edge
69 77 edge
45 77 edge
45 405 edge
39 47 edge
47 407 edge
71 79 edge
47 79 edge
77 421 edge
79 423 edge
45 141 edge
141 455 edge
405 455 edge
47 143 edge
143 455 edge
407 455 edge
77 173 edge
173 471 edge
421 471 edge
79 175 edge
175 471 edge
423 471 edge
141 173 edge
143 175 edge
173 175 edge
141 143 edge
73 89 edge
81 89 edge
89 425 edge
25 57 edge
49 57 edge
9 41 edge
57 89 edge
75 91 edge
83 91 edge
91 427 edge
11 43 edge
27 59 edge
51 59 edge
59 91 edge
57 409 edge
59 411 edge
29 61 edge
53 61 edge
61 413 edge
13 45 edge
77 93 edge
85 93 edge
61 93 edge
15 47 edge
31 63 edge
55 63 edge
79 95 edge
87 95 edge
63 95 edge
63 415 edge
93 429 edge
95 431 edge
469 517 edge
169 265 edge
265 281 edge
185 281 edge
89 185 edge
265 517 edge
281 524 edge
517 524 edge
476 524 edge
185 476 edge
425 476 edge
187 283 edge
171 267 edge
267 283 edge
91 187 edge
283 525 edge
477 525 edge
187 477 edge
267 517 edge
517 525 edge
427 477 edge
445 493 edge
121 217 edge
217 249 edge
153 249 edge
57 153 edge
217 493 edge
249 508 edge
493 508 edge
460 508 edge
153 460 edge
409 460 edge
453 501 edge
437 485 edge
105 201 edge
137 233 edge
201 233 edge
201 485 edge
233 501 edge
485 501 edge
439 487 edge
107 203 edge
139 235 edge
203 235 edge
203 487 edge
235 501 edge
487 501 edge
155 251 edge
123 219 edge
219 251 edge
59 155 edge
251 509 edge
155 461 edge
219 495 edge
125 221 edge
221 253 edge
157 253 edge
61 157 edge
221 493 edge
253 510 edge
493 510 edge
462 510 edge
157 462 edge
413 462 edge
455 503 edge
109 205 edge
141 237 edge
205 237 edge
205 485 edge
237 503 edge
485 503 edge
111 207 edge
143 239 edge
207 239 edge
207 487 edge
239 503 edge
487 503 edge
127 223 edge
159 255 edge
223 255 edge
63 159 edge
223 495 edge
255 511 edge
159 463 edge
471 519 edge
173 269 edge
269 285 edge
189 285 edge
93 189 edge
269 519 edge
285 526 edge
519 526 edge
478 526 edge
189 478 edge
429 478 edge
191 287 edge
175 271 edge
271 287 edge
95 191 edge
287 527 edge
479 527 edge
191 479 edge
271 519 edge
519 527 edge
431 479 edge
329 361 edge
233 329 edge
265 361 edge
297 313 edge
201 297 edge
217 313 edge
345 377 edge
297 329 edge
313 345 edge
361 377 edge
249 345 edge
281 377 edge
153 185 edge
331 363 edge
235 331 edge
267 363 edge
219 315 edge
299 315 edge
203 299 edge
315 347 edge
251 347 edge
347 379 edge
299 331 edge
363 379 edge
283 379 edge
155 187 edge
301 317 edge
205 301 edge
221 317 edge
333 365 edge
269 365 edge
237 333 edge
349 381 edge
365 381 edge
301 333 edge
317 349 edge
285 381 edge
253 349 edge
157 189 edge
223 319 edge
303 319 edge
207 303 edge
335 367 edge
271 367 edge
239 335 edge
319 351 edge
255 351 edge
351 383 edge
367 383 edge
303 335 edge
287 383 edge
159 191 edge
264 266 edge
266 516 edge
264 516 edge
170 266 edge
168 264 edge
168 170 edge
468 516 edge
170 468 edge
168 468 edge
282 283 edge
282 525 edge
186 282 edge
186 187 edge
186 477 edge
232 234 edge
234 500 edge
232 500 edge
138 234 edge
136 232 edge
136 138 edge
138 452 edge
136 452 edge
250 251 edge
250 509 edge
154 250 edge
154 155 edge
154 461 edge
217 221 edge
201 205 edge
203 207 edge
219 223 edge
236 238 edge
238 502 edge
236 502 edge
142 238 edge
140 236 edge
140 142 edge
142 454 edge
140 454 edge
254 255 edge
254 511 edge
158 254 edge
158 159 edge
158 463 edge
268 270 edge
270 518 edge
268 518 edge
174 270 edge
172 268 edge
172 174 edge
470 518 edge
174 470 edge
172 470 edge
286 287 edge
286 527 edge
190 286 edge
190 191 edge
190 479 edge
329 331 edge
361 363 edge
233 235 edge
265 267 edge
297 301 edge
313 317 edge
315 319 edge
299 303 edge
365 367 edge
333 335 edge
269 271 edge
237 239 edge
534 550 edge
532 550 edge
534 548 edge
532 548 edge
334 550 edge
332 550 edge
332 334 edge
302 534 edge
302 334 edge
300 532 edge
300 332 edge
298 534 edge
298 302 edge
296 532 edge
296 300 edge
330 548 edge
298 330 edge
328 548 edge
328 330 edge
296 328 edge
238 334 edge
236 332 edge
202 206 edge
206 302 edge
202 298 edge
200 204 edge
204 300 edge
200 296 edge
234 330 edge
232 328 edge
206 486 edge
202 486 edge
204 484 edge
200 484 edge
206 238 edge
204 236 edge
202 234 edge
200 232 edge
315 543 edge
543 557 edge
347 557 edge
319 543 edge
543 559 edge
351 559 edge
542 559 edge
542 557 edge
350 559 edge
350 351 edge
318 542 edge
318 350 edge
314 542 edge
314 318 edge
346 557 edge
346 347 edge
314 346 edge
254 350 edge
218 222 edge
222 318 edge
218 314 edge
250 346 edge
222 494 edge
218 494 edge
222 254 edge
218 250 edge
549 565 edge
329 549 edge
361 565 edge
533 541 edge
297 533 edge
313 541 edge
556 572 edge
533 549 edge
541 556 edge
565 572 edge
345 556 edge
377 572 edge
331 549 edge
363 565 edge
535 543 edge
299 535 edge
557 573 edge
535 549 edge
565 573 edge
379 573 edge
301 533 edge
317 541 edge
303 535 edge
551 567 edge
365 567 edge
333 551 edge
558 574 edge
567 574 edge
533 551 edge
541 558 edge
381 574 edge
349 558 edge
367 567 edge
335 551 edge
559 575 edge
567 575 edge
535 551 edge
383 575 edge
550 566 edge
534 542 edge
566 575 edge
532 540 edge
566 574 edge
540 558 edge
548 564 edge
564 573 edge
540 556 edge
564 572 edge
382 575 edge
350 382 edge
382 383 edge
366 566 edge
334 366 edge
364 566 edge
332 364 edge
364 366 edge
380 574 edge
348 558 edge
348 380 edge
380 381 edge
348 349 edge
302 318 edge
366 382 edge
316 540 edge
300 316 edge
364 380 edge
316 348 edge
298 314 edge
312 540 edge
296 312 edge
312 316 edge
378 573 edge
346 378 edge
378 379 edge
362 564 edge
330 362 edge
362 378 edge
360 564 edge
328 360 edge
360 362 edge
344 556 edge
376 572 edge
344 376 edge
312 344 edge
360 376 edge
344 345 edge
376 377 edge
286 382 edge
270 366 edge
268 364 edge
284 285 edge
284 380 edge
284 526 edge
270 286 edge
268 284 edge
518 527 edge
518 526 edge
252 253 edge
252 348 edge
216 220 edge
220 316 edge
216 312 edge
248 249 edge
248 344 edge
252 510 edge
220 492 edge
216 492 edge
248 508 edge
220 252 edge
216 248 edge
492 510 edge
492 508 edge
282 378 edge
266 362 edge
264 360 edge
280 281 edge
280 376 edge
280 524 edge
266 282 edge
264 280 edge
516 525 edge
516 524 edge
158 190 edge
142 174 edge
140 172 edge
188 284 edge
188 189 edge
156 252 edge
156 157 edge
156 188 edge
126 222 edge
122 218 edge
122 126 edge
110 206 edge
106 202 edge
106 110 edge
110 126 edge
106 122 edge
108 204 edge
104 200 edge
104 108 edge
124 220 edge
120 216 edge
120 124 edge
108 124 edge
104 120 edge
154 186 edge
138 170 edge
136 168 edge
152 248 edge
152 153 edge
184 280 edge
184 185 edge
152 184 edge
188 478 edge
156 462 edge
126 446 edge
122 446 edge
110 438 edge
106 438 edge
108 436 edge
104 436 edge
444 492 edge
124 444 edge
120 444 edge
152 460 edge
184 476 edge
78 94 edge
94 190 edge
78 174 edge
30 62 edge
62 158 edge
30 126 edge
14 46 edge
46 142 edge
14 110 edge
62 94 edge
46 78 edge
14 30 edge
76 92 edge
76 172 edge
92 188 edge
12 44 edge
44 140 edge
12 108 edge
28 60 edge
60 156 edge
28 124 edge
44 76 edge
60 92 edge
12 28 edge
26 58 edge
26 122 edge
58 154 edge
10 42 edge
10 106 edge
42 138 edge
74 90 edge
90 186 edge
74 170 edge
10 26 edge
58 90 edge
42 74 edge
8 40 edge
8 104 edge
40 136 edge
24 56 edge
24 120 edge
56 152 edge
72 88 edge
72 168 edge
88 184 edge
8 24 edge
40 72 edge
56 88 edge
94 430 edge
78 422 edge
422 430 edge
430 479 edge
422 470 edge
76 420 edge
92 428 edge
420 428 edge
420 470 edge
428 478 edge
62 414 edge
30 398 edge
46 406 edge
14 390 edge
44 404 edge
12 388 edge
60 412 edge
28 396 edge
396 412 edge
412 462 edge
396 444 edge
26 394 edge
58 410 edge
10 386 edge
42 402 edge
8 384 edge
40 400 edge
24 392 edge
56 408 edge
392 408 edge
392 444 edge
408 460 edge
90 426 edge
74 418 edge
418 426 edge
426 477 edge
418 468 edge
72 416 edge
88 424 edge
416 424 edge
416 468 edge
424 476 edge
86 94 edge
70 78 edge
70 86 edge
86 430 edge
70 422 edge
68 76 edge
84 92 edge
68 84 edge
68 420 edge
84 428 edge
54 62 edge
22 30 edge
22 54 edge
54 414 edge
22 398 edge
38 46 edge
6 14 edge
6 38 edge
54 86 edge
38 70 edge
6 22 edge
38 406 edge
6 390 edge
36 44 edge
4 12 edge
4 36 edge
36 404 edge
4 388 edge
52 60 edge
20 28 edge
20 52 edge
36 68 edge
52 84 edge
4 20 edge
52 412 edge
20 396 edge
18 26 edge
50 58 edge
18 50 edge
18 394 edge
50 410 edge
2 10 edge
34 42 edge
2 34 edge
2 386 edge
34 402 edge
0 8 edge
32 40 edge
0 32 edge
0 384 edge
32 400 edge
16 24 edge
48 56 edge
16 48 edge
16 392 edge
48 408 edge
82 90 edge
66 74 edge
66 82 edge
2 18 edge
50 82 edge
34 66 edge
82 426 edge
66 418 edge
64 72 edge
80 88 edge
64 80 edge
0 16 edge
32 64 edge
48 80 edge
64 416 edge
80 424 edge
430 475 edge
182 475 edge
182 183 edge
86 182 edge
150 459 edge
150 151 edge
54 150 edge
150 182 edge
422 466 edge
420 466 edge
166 466 edge
70 166 edge
164 466 edge
164 166 edge
68 164 edge
134 450 edge
132 450 edge
132 134 edge
38 134 edge
36 132 edge
134 166 edge
132 164 edge
428 474 edge
412 458 edge
180 474 edge
84 180 edge
180 181 edge
148 458 edge
148 149 edge
52 148 edge
148 180 edge
118 442 edge
22 118 edge
102 434 edge
6 102 edge
114 442 edge
114 118 edge
98 434 edge
98 102 edge
18 114 edge
2 98 edge
102 118 edge
98 114 edge
396 440 edge
392 440 edge
100 432 edge
4 100 edge
116 440 edge
20 116 edge
96 432 edge
96 100 edge
112 440 edge
112 116 edge
0 96 edge
16 112 edge
100 116 edge
96 112 edge
426 473 edge
146 457 edge
50 146 edge
146 147 edge
178 473 edge
178 179 edge
82 178 edge
146 178 edge
418 464 edge
416 464 edge
130 448 edge
34 130 edge
128 448 edge
128 130 edge
32 128 edge
162 464 edge
66 162 edge
160 464 edge
160 162 edge
64 160 edge
130 162 edge
128 160 edge
408 456 edge
424 472 edge
144 456 edge
48 144 edge
144 145 edge
176 472 edge
80 176 edge
176 177 edge
144 176 edge
466 514 edge
514 523 edge
514 522 edge
440 488 edge
488 506 edge
488 504 edge
464 512 edge
512 521 edge
512 520 edge
182 278 edge
278 523 edge
278 279 edge
166 262 edge
262 514 edge
262 278 edge
164 260 edge
260 514 edge
260 262 edge
180 276 edge
276 522 edge
260 276 edge
276 277 edge
150 246 edge
134 230 edge
132 228 edge
148 244 edge
244 506 edge
244 245 edge
118 214 edge
102 198 edge
100 196 edge
116 212 edge
212 488 edge
212 244 edge
114 210 edge
98 194 edge
96 192 edge
112 208 edge
208 488 edge
208 212 edge
146 242 edge
130 226 edge
128 224 edge
144 240 edge
240 504 edge
208 240 edge
240 241 edge
178 274 edge
274 521 edge
274 275 edge
162 258 edge
258 512 edge
258 274 edge
160 256 edge
256 512 edge
256 258 edge
176 272 edge
272 520 edge
256 272 edge
272 273 edge
278 374 edge
262 358 edge
260 356 edge
276 372 edge
340 372 edge
244 340 edge
372 373 edge
340 341 edge
294 310 edge
358 374 edge
292 308 edge
212 308 edge
356 372 edge
308 340 edge
288 304 edge
208 304 edge
304 308 edge
274 370 edge
258 354 edge
256 352 edge
240 336 edge
336 368 edge
272 368 edge
304 336 edge
352 368 edge
336 337 edge
368 369 edge
372 570 edge
562 571 edge
562 570 edge
340 554 edge
308 536 edge
528 536 edge
536 554 edge
304 536 edge
323 545 edge
321 545 edge
531 545 edge
529 545 edge
337 552 edge
537 552 edge
336 552 edge
536 552 edge
545 561 edge
355 561 edge
353 561 edge
561 569 edge
552 568 edge
369 568 edge
561 568 edge
368 568 edge
560 568 edge
][
[4 6 5 1 0 7 8 3 2] [2 1 0 1] face
[19 13 14 16 17 1 0 10 9 20 3 12 21 15 18 2 11 22] [3 1 -1 1] face
[23 10 9 25 24 26 12 27 11] [2 1 -1 0] face
[45 50 59 44 43 47 57 42 41 55 40 39 53 38 49 62 48 61 46 37 52 36 51 35 60 63 68 58 13 14 56 66 54 64 4 5 0 28 30 29 34 32 33 31 69 67 15 65] [1 0 0 1] face
[99 101 106 98 83 79 78 86 97 104 96 84 82 89 102 108 100 80 88 95 103 94 85 91 107 16 17 71 81 72 105 109 74 70 23 9 24 76 77 73 93 92 87 90 18 110 111 75] [1 0 -1 0] face
[117 116 119 112 113 118 120 114 115] [2 0 1 -1] face
[112 125 113 126 114 122 130 123 132 124 127 128 115 133 134 121 131 129] [3 -1 1 -1] face
[139 138 140 135 136 71 72 70 137] [2 0 -1 -1] face
[135 146 136 74 70 144 149 141 73 145 147 142 137 150 75 121 143 148] [3 -1 -1 -1] face
[28 152 30 151 29 153 155 154 156] [2 -1 0 1] face
[76 157 77 141 73 158 159 142 143] [2 -1 -1 0] face
[186 183 182 177 176 185 181 187 178 172 171 173 168 167 166 162 161 188 179 160 174 184 169 180 170 163 189 175 165 191 116 192 193 164 190 194] [1 1 1 -1] face
[203 162 161 197 196 201 160 195 204 163 198 202 165 200 205 164 199 206] [1 1 0 -1] face
[225 218 217 221 220 224 216 226 222 212 211 213 209 207 208 197 196 227 223 195 214 219 210 79 78 198 80 215 200 228 138 229 81 199 25 230] [1 1 -1 -1] face
[238 168 167 233 232 236 166 231 239 169 234 237 170 235 117 116 112 118] [1 0 1 -1] face
[244 209 207 242 240 246 208 241 245 210 243 83 78 82 139 138 135 71] [1 0 -1 -1] face
[266 259 257 253 252 267 258 268 254 262 261 263 233 232 231 249 247 269 255 248 264 260 234 256 235 251 271 265 250 270 112 125 126 122 123 124] [1 -1 1 -1] face
[290 279 277 282 281 291 278 292 283 286 285 287 242 240 241 274 272 293 284 273 288 280 243 84 82 276 85 289 275 294 135 146 74 144 141 145] [1 -1 -1 -1] face
[295 249 247 274 272 297 248 273 296 251 276 298 250 275 300 122 144 299] [1 -1 0 -1] face
[172 171 304 173 307 160 302 174 309 175 303 312 306 305 308 301 310 311] [1 3 1 -1] face
[201 160 302 195 313 202 303 314 301] [1 2 0 -1] face
[212 211 315 213 318 195 313 214 320 215 314 323 317 316 319 301 321 322] [1 3 -1 -1] face
[177 176 327 178 330 166 325 179 332 180 326 335 329 328 331 324 333 334] [1 1 3 -1] face
[183 182 344 181 342 167 340 161 337 184 341 338 346 345 343 339 336 347] [1 1 1 -3] face
[203 161 337 196 348 204 338 349 336] [1 1 0 -2] face
[218 217 355 216 353 207 351 196 348 219 352 349 357 356 354 350 336 358] [1 1 -1 -3] face
[221 220 365 222 366 208 360 223 367 79 86 88 362 361 363 359 364 87] [1 1 -3 -1] face
[236 166 325 231 368 237 326 369 324] [1 0 2 -1] face
[238 167 340 232 370 239 341 371 339] [1 0 1 -2] face
[244 207 351 240 372 245 352 373 350] [1 0 -1 -2] face
[246 208 360 241 374 83 86 89 359] [1 0 -2 -1] face
[253 252 375 254 378 231 368 255 380 256 369 383 377 376 379 324 381 382] [1 -1 3 -1] face
[259 257 387 258 389 232 370 247 385 260 371 386 391 388 390 339 384 392] [1 -1 1 -3] face
[279 277 395 278 397 240 372 272 393 280 373 394 399 396 398 350 384 400] [1 -1 -1 -3] face
[282 281 405 283 406 241 374 284 407 84 89 91 402 401 403 359 404 90] [1 -1 -3 -1] face
[295 247 385 272 393 296 386 394 384] [1 -1 0 -2] face
[262 261 411 263 414 248 409 264 416 265 410 419 413 412 415 408 417 418] [1 -3 1 -1] face
[297 248 409 273 420 298 410 421 408] [1 -2 0 -1] face
[286 285 422 287 425 273 420 288 427 289 421 430 424 423 426 408 428 429] [1 -3 -1 -1] face
[448 456 449 445 454 446 442 455 444 439 453 441 458 450 457 447 452 443 451 440 461 460 438 437 462 459 431 432 34 32 33 31 436 434 435 433] [0 0 0 1] face
[478 483 479 362 361 463 475 482 477 402 401 464 484 480 363 468 481 476 403 471 485 359 474 465 364 404 466 469 93 92 87 90 473 472 467 470] [0 0 -1 0] face
[488 185 181 342 492 224 216 353 489 502 494 493 505 495 486 171 304 490 211 315 496 487 499 491 203 162 337 197 348 510 508 503 509 506 201 302 313 511 497 500 343 504 354 507 305 498 316 501] [0 1 0 -1] face
[513 186 182 344 519 266 257 387 514 525 516 520 531 521 512 176 327 517 252 375 522 515 528 518 238 168 340 233 370 537 534 526 535 532 236 325 368 536 523 529 345 527 388 533 328 524 376 530] [0 0 1 -1] face
[538 225 217 355 543 290 277 395 540 548 541 546 553 544 539 220 365 545 281 405 551 542 556 547 244 209 351 242 372 560 558 549 559 554 246 360 374 561 552 557 356 550 396 555 361 463 401 464] [0 0 -1 -1] face
[562 267 258 389 566 291 278 397 564 572 565 569 575 567 563 261 411 568 285 422 578 570 581 571 295 249 385 274 393 587 584 573 585 576 297 409 420 586 579 582 390 574 398 577 412 580 423 583] [0 -1 0 -1] face
[486 172 304 588 487 589 307 590 306] [0 2 1 -1] face
[513 186 183 514 593 512 177 591 488 185 489 592 187 594 486 172 588 589] [0 1 1 -1] face
[490 212 315 595 491 596 318 597 317] [0 2 -1 -1] face
[538 225 218 540 598 539 221 599 492 224 493 600 226 601 490 212 595 596] [0 1 -1 -1] face
[512 177 327 591 515 592 330 602 329] [0 1 2 -1] face
[513 183 344 593 516 488 342 494 346] [0 1 1 -2] face
[538 218 355 598 541 492 353 495 357] [0 1 -1 -2] face
[539 221 365 599 542 600 366 603 362] [0 1 -2 -1] face
[517 253 375 604 518 605 378 606 377] [0 -1 2 -1] face
[519 266 259 520 607 517 253 604 562 267 564 605 268 610 563 262 608 609] [0 -1 1 -1] face
[519 259 387 607 521 562 389 565 391] [0 -1 1 -2] face
[543 279 395 611 544 566 397 567 399] [0 -1 -1 -2] face
[543 290 279 546 611 545 282 612 566 291 569 613 292 616 568 286 614 615] [0 -1 -1 -1] face
[545 282 405 612 547 613 406 617 402] [0 -1 -2 -1] face
[563 262 411 608 570 609 414 618 413] [0 -2 1 -1] face
[568 286 422 614 571 615 425 619 424] [0 -2 -1 -1] face
[588 496 487 624 590 621 497 623 629 622 625 626 306 498 630 620 628 627] [-1 3 1 -1] face
[595 499 491 634 597 632 500 631 637 633 638 635 317 501 640 620 636 639] [-1 3 -1 -1] face
[591 522 515 645 602 642 523 644 650 643 646 647 329 524 651 641 649 648] [-1 1 3 -1] face
[593 525 516 502 494 654 526 655 503 656 657 658 346 527 504 653 652 659] [-1 1 1 -3] face
[598 548 541 505 495 661 549 662 506 663 664 665 357 550 507 660 652 666] [-1 1 -1 -3] face
[599 551 542 670 603 668 552 667 672 669 673 671 362 463 468 465 466 467] [-1 1 -3 -1] face
[604 528 518 677 606 674 529 676 682 675 678 679 377 530 683 641 681 680] [-1 -1 3 -1] face
[607 531 521 572 565 685 532 686 573 687 688 689 391 533 574 653 684 690] [-1 -1 1 -3] face
[611 553 544 575 567 691 554 692 576 693 694 695 399 555 577 660 684 696] [-1 -1 -1 -3] face
[612 556 547 700 617 697 557 698 703 699 701 702 402 464 471 465 469 470] [-1 -1 -3 -1] face
[608 578 570 708 618 705 579 707 713 706 709 710 413 580 714 704 712 711] [-1 -3 1 -1] face
[614 581 571 718 619 716 582 715 721 717 722 719 424 583 724 704 720 723] [-1 -3 -1 -1] face
[514 593 525 591 522 489 502 594 645 588 496 624 534 654 642 508 655 737 644 621 623 656 729 643 730 726 735 622 727 736 728 732 733 725 731 734] [-1 1 1 -1] face
[540 598 548 599 551 493 505 601 670 595 499 634 558 661 668 509 662 750 667 632 631 663 743 669 741 739 745 633 740 749 742 747 744 738 746 748] [-1 1 -1 -1] face
[520 607 531 604 528 564 572 610 677 608 578 708 535 685 674 584 686 763 676 705 707 687 752 675 753 756 762 706 755 761 751 759 760 754 757 758] [-1 -1 1 -1] face
[546 611 553 612 556 569 575 616 700 614 581 718 559 691 697 585 692 776 698 716 715 693 766 699 764 769 771 717 768 775 765 774 770 767 772 773] [-1 -1 -1 -1] face
[782 781 785 780 784 777 779 778 783] [-1 2 0 1] face
[789 788 790 631 637 786 787 635 636] [-1 2 -1 0] face
[796 795 798 794 797 791 793 792 431] [-1 1 0 2] face
[802 801 803 667 672 799 800 671 466] [-1 1 -2 0] face
[536 642 523 674 529 804 646 678 641] [-1 0 2 -1] face
[537 654 526 685 532 805 657 688 653] [-1 0 1 -2] face
[560 661 549 691 554 806 664 694 660] [-1 0 -1 -2] face
[561 668 552 697 557 807 673 701 465] [-1 0 -2 -1] face
[813 812 815 811 814 808 810 809 432] [-1 -1 0 2] face
[819 818 820 698 703 816 817 702 469] [-1 -1 -2 0] face
[826 825 829 824 828 821 823 822 827] [-1 -2 0 1] face
[833 832 834 715 721 830 831 719 720] [-1 -2 -1 0] face
[510 508 655 509 662 511 621 632 837 726 739 838 727 740 835 725 738 836] [-1 1 0 -1] face
[537 534 654 535 685 536 642 674 805 729 752 804 730 753 839 728 751 840] [-1 0 1 -1] face
[560 558 661 559 691 561 668 697 806 743 766 807 741 764 842 742 765 841] [-1 0 -1 -1] face
[587 584 686 585 692 586 705 716 846 756 769 845 755 768 844 754 767 843] [-1 -1 0 -1] face
[872 884 874 880 869 883 871 878 882 873 879 881 870 877 791 876 793 875 792 808 868 810 867 809 861 866 860 859 863 858 857 856 855 854 865 864 862 853 852 851 436 434 435 433 850 848 849 847] [-1 0 0 1] face
[903 910 905 908 807 669 741 673 909 904 907 699 764 701 799 906 800 745 671 816 902 817 771 702 898 901 897 841 744 885 896 895 770 888 900 899 887 894 893 890 473 472 467 470 892 891 886 889] [-1 0 -1 0] face
[728 732 915 733 916 725 912 731 921 734 913 922 914 918 919 911 917 920] [-3 1 1 -1] face
[835 725 912 738 923 836 913 924 911] [-2 1 0 -1] face
[742 747 926 744 885 738 923 746 887 748 924 930 925 928 886 911 927 929] [-3 1 -1 -1] face
[839 728 915 751 931 840 916 932 914] [-2 0 1 -1] face
[842 742 926 765 933 841 885 888 925] [-2 0 -1 -1] face
[751 759 931 760 932 754 936 757 942 758 935 941 914 939 940 934 937 938] [-3 -1 1 -1] face
[765 774 933 770 888 767 944 772 890 773 943 948 925 947 889 934 945 946] [-3 -1 -1 -1] face
[844 754 936 767 944 843 935 943 934] [-2 -1 0 -1] face
[952 850 848 914 918 939 950 849 847 925 928 947 957 954 919 940 892 891 886 889 955 911 949 934 917 927 937 945 958 956 920 929 953 951 938 946] [-1 0 0 0] face
[894 960 893 772 890 961 959 948 945] [-2 -1 -1 0] face
[853 965 852 963 851 966 964 962 949] [-2 -1 0 1] face
[971 969 968 757 942 970 967 941 937] [-2 -1 1 0] face
[972 855 854 896 895 963 851 960 893 973 962 959 950 847 891 949 945 951] [-3 -1 -1 1] face
[975 857 856 977 974 965 852 969 968 976 964 967 952 848 954 949 937 953] [-3 -1 1 1] face
[859 978 858 972 854 898 897 895 950] [-2 0 -1 1] face
[861 980 860 975 856 981 979 974 952] [-2 0 1 1] face
[900 983 899 746 887 984 982 930 927] [-2 1 -1 0] face
[978 863 858 901 897 986 862 983 899 987 985 982 950 849 892 955 927 956] [-3 1 -1 1] face
[865 989 864 986 862 990 988 985 955] [-2 1 0 1] face
[980 866 860 994 979 989 864 993 991 995 988 992 952 850 957 955 917 958] [-3 1 1 1] face
[996 993 991 731 921 997 992 922 917] [-2 1 1 0] face
[821 1005 1000 823 845 706 755 709 1004 999 822 717 768 722 1001 1002 1003 761 710 830 998 831 775 719 966 976 964 843 758 935 973 962 773 943 970 967 941 961 959 948 1007 1006 711 723 953 951 938 946] [-1 -1 0 0] face
[805 656 729 657 806 663 743 664 687 752 688 693 766 694 837 726 658 739 665 846 756 689 769 695 839 732 915 842 747 926 759 931 774 933 835 912 923 844 936 944 659 690 666 696 918 939 928 947] [-1 0 0 -1] face
[1010 1020 1012 1017 804 643 730 646 1019 1011 1016 675 753 678 1013 1014 1018 735 647 1008 1009 1015 762 679 981 994 979 840 733 916 977 974 760 932 996 991 921 971 968 942 1022 1021 648 680 957 954 919 940] [-1 0 1 0] face
[777 1030 1025 779 838 622 727 625 1029 1024 778 633 740 638 1026 1027 1028 736 626 786 1023 787 749 635 990 995 988 836 734 913 987 985 748 924 997 992 922 984 982 930 1032 1031 627 639 958 956 920 929] [-1 1 0 0] face
[819 1033 818 776 698 833 832 715 816 902 771 830 998 775 894 960 772 961] [-1 -1 -1 0] face
[813 1035 812 1034 811 826 825 824 808 868 867 821 1000 999 853 965 963 966] [-1 -1 0 1] face
[1039 1040 1038 763 676 1037 1036 707 1008 1009 762 1001 1002 761 971 969 757 970] [-1 -1 1 0] face
[1046 1048 1045 1047 1044 1043 1042 1041 869 871 870 903 905 904 859 978 972 898] [-1 0 -1 1] face
[1051 1056 1050 1055 1049 1054 1053 1052 872 874 873 1010 1012 1011 861 980 975 981] [-1 0 1 1] face
[802 1057 801 750 667 789 788 631 799 906 745 786 1023 749 900 983 746 984] [-1 1 -1 0] face
[796 1059 795 1058 794 782 781 780 791 876 875 777 1025 1024 865 989 986 990] [-1 1 0 1] face
[1061 1064 1060 737 644 1063 1062 623 1013 1014 735 1026 1027 736 996 993 731 997] [-1 1 1 0] face
[586 705 579 716 582 845 709 722 704] [-1 -2 0 -1] face
[1037 1036 1065 707 713 1001 1003 710 712] [-1 -2 1 0] face
[587 686 573 692 576 846 689 695 684] [-1 -1 0 -2] face
[1039 1038 1066 676 682 1008 1015 679 681] [-1 -1 2 0] face
[1043 1042 1068 1041 1067 903 908 907 474] [-1 0 -2 1] face
[1046 1045 1070 1044 1069 869 878 877 437] [-1 0 -1 2] face
[1051 1050 1072 1049 1071 872 880 879 438] [-1 0 1 2] face
[1054 1053 1075 1052 1074 1010 1017 1016 1073] [-1 0 2 1] face
[510 655 503 662 506 837 658 665 652] [-1 1 0 -2] face
[1061 1060 1076 644 650 1013 1018 647 649] [-1 1 2 0] face
[511 621 497 632 500 838 625 638 620] [-1 2 0 -1] face
[1063 1062 1077 623 629 1026 1028 626 628] [-1 2 1 0] face
[1089 1084 1086 1081 1083 1088 1085 1087 1082 1078 1080 1079 1047 1044 1041 1034 811 1033 818 824 832 881 870 909 904 867 902 1004 999 998 972 855 896 963 960 973] [-1 -1 -1 1] face
[1101 1093 1095 1096 1098 1099 1094 1100 1097 1090 1091 1092 1055 1049 1052 1035 812 1040 1038 825 1036 882 873 1019 1011 868 1009 1005 1000 1002 975 857 977 965 969 976] [-1 -1 1 1] face
[1111 1105 1106 1102 1103 1113 1107 1112 1104 1108 1110 1109 1048 1045 1042 1058 794 1057 801 780 788 883 871 910 905 875 906 1029 1024 1023 978 863 901 986 983 987] [-1 1 -1 1] face
[1123 1114 1115 1117 1118 1124 1116 1125 1119 1120 1121 1122 1056 1050 1053 1059 795 1064 1060 781 1062 884 874 1020 1012 876 1014 1030 1025 1027 980 866 994 989 993 995] [-1 1 1 1] face
[1078 1080 1127 1079 1126 824 828 832 834 1004 822 831 1128 1130 1129 827 720 1006] [-1 -3 -1 1] face
[1090 1091 1131 1092 1132 825 829 1036 1065 1005 823 1003 1133 1134 1135 827 712 1007] [-1 -3 1 1] face
[1081 1083 1137 1082 1136 1041 1067 818 820 909 907 817 475 477 476 474 469 472] [-1 -1 -3 1] face
[1084 1086 1139 1085 1138 1044 1069 811 814 881 877 809 439 441 440 437 432 433] [-1 -1 -1 3] face
[1093 1095 1141 1094 1140 1049 1071 812 815 882 879 810 442 444 443 438 432 434] [-1 -1 1 3] face
[1096 1098 1143 1097 1142 1052 1074 1038 1066 1019 1016 1015 1144 1146 1145 1073 681 1021] [-1 -1 3 1] face
[1102 1103 1147 1104 1148 1042 1068 801 803 910 908 800 478 479 480 474 466 473] [-1 1 -3 1] face
[1105 1106 1149 1107 1150 1045 1070 794 797 883 878 792 445 446 447 437 431 435] [-1 1 -1 3] face
[1114 1115 1151 1116 1152 1050 1072 795 798 884 880 793 448 449 450 438 431 436] [-1 1 1 3] face
[1117 1118 1153 1119 1154 1053 1075 1060 1076 1020 1017 1018 1155 1156 1157 1073 649 1022] [-1 1 3 1] face
[1108 1110 1159 1109 1158 780 784 788 790 1029 778 787 1160 1162 1161 783 636 1031] [-1 3 -1 1] face
[1120 1121 1163 1122 1164 781 785 1062 1077 1030 779 1028 1165 1166 1167 783 628 1032] [-1 3 1 1] face
[1169 1170 1172 1078 1127 1168 1171 1126 1128] [0 -2 -1 1] face
[1173 1175 1176 1090 1131 1174 1177 1132 1133] [0 -2 1 1] face
[1179 1180 1182 1081 1137 1178 1181 1136 475] [0 -1 -2 1] face
[1184 1188 1185 1089 1084 1179 1180 1081 1183 1187 1088 1178 1186 1087 1169 1170 1078 1168] [0 -1 -1 1] face
[1184 1185 1190 1084 1139 1183 1189 1138 439] [0 -1 -1 2] face
[1192 1193 1195 1093 1141 1191 1194 1140 442] [0 -1 1 2] face
[1192 1201 1193 1101 1093 1197 1198 1096 1191 1199 1099 1196 1200 1100 1173 1175 1090 1174] [0 -1 1 1] face
[1197 1198 1203 1096 1143 1196 1202 1142 1144] [0 -1 2 1] face
[1204 1206 1207 1102 1147 1205 1208 1148 478] [0 1 -2 1] face
[1209 1211 1212 1105 1149 1210 1213 1150 445] [0 1 -1 2] face
[1214 1216 1217 1114 1151 1215 1218 1152 448] [0 1 1 2] face
[1219 1221 1222 1117 1153 1220 1223 1154 1155] [0 1 2 1] face
[1209 1227 1211 1111 1105 1204 1206 1102 1210 1229 1113 1205 1228 1112 1225 1226 1108 1224] [0 1 -1 1] face
[1225 1226 1231 1108 1159 1224 1230 1158 1160] [0 2 -1 1] face
[1214 1235 1216 1123 1114 1219 1221 1117 1215 1236 1124 1220 1237 1125 1232 1234 1120 1233] [0 1 1 1] face
[1232 1234 1238 1120 1163 1233 1239 1164 1165] [0 2 1 1] face
[1178 1186 1246 1181 613 292 283 406 1087 1082 1136 616 700 617 1168 1243 1171 615 287 425 1079 1126 718 619 1245 1247 1244 293 407 819 1033 820 776 703 1242 1241 427 833 834 721 481 476 403 471 1240 1129 426 724] [0 -1 -1 0] face
[1191 1199 1259 1194 1183 1187 1258 1189 1099 1094 1140 1088 1085 1138 1173 1254 1176 1169 1251 1172 1091 1131 1080 1127 1257 1261 1256 1260 1255 813 1035 815 1034 814 1253 1252 1250 826 829 828 452 443 451 440 1249 1134 1248 1130] [0 -1 0 1] face
[1196 1200 1269 1202 605 268 254 378 1100 1097 1142 610 677 606 1174 1265 1177 609 263 414 1092 1132 708 618 1268 1270 1267 269 380 1039 1040 1066 763 682 1266 1264 416 1037 1065 713 1263 1145 379 683 1262 1135 415 714] [0 -1 1 0] face
[1209 1227 1280 1212 1184 1188 1274 1190 1111 1106 1149 1089 1086 1139 1204 1279 1207 1179 1272 1182 1103 1147 1083 1137 1278 1282 1277 1281 1273 1046 1048 1070 1047 1069 1276 1275 1271 1043 1068 1067 454 446 453 441 483 479 482 477] [0 0 -1 1] face
[1214 1235 1293 1217 1192 1201 1286 1195 1123 1115 1151 1101 1095 1141 1219 1294 1222 1197 1288 1203 1118 1153 1098 1143 1290 1296 1289 1295 1285 1051 1056 1072 1055 1071 1292 1291 1287 1054 1075 1074 456 449 455 444 1284 1156 1283 1146] [0 0 1 1] face
[1205 1228 1299 1208 600 226 222 366 1112 1104 1148 601 670 603 1224 1303 1230 596 213 318 1109 1158 634 597 1300 1304 1298 227 367 802 1057 803 750 672 1302 1301 320 789 790 637 484 480 363 468 1297 1161 319 640] [0 1 -1 0] face
[1215 1236 1311 1218 1210 1229 1308 1213 1124 1116 1152 1113 1107 1150 1232 1316 1238 1225 1313 1231 1121 1163 1110 1159 1310 1318 1309 1317 1307 796 1059 798 1058 797 1315 1314 1312 782 785 784 458 450 457 447 1306 1166 1305 1162] [0 1 0 1] face
[1220 1237 1322 1223 592 187 178 330 1125 1119 1154 594 645 602 1233 1325 1239 589 173 307 1122 1164 624 590 1323 1327 1321 188 332 1061 1064 1076 737 650 1326 1324 309 1063 1077 629 1319 1157 331 651 1320 1167 308 630] [0 1 1 0] face
[1133 1249 1134 413 412 580 1128 1248 1130 424 423 583 1262 1135 415 714 1240 1129 426 724 1328 408 827 704 417 428 712 720 1330 1329 418 429 1007 1006 711 723] [0 -1 0 0] face
[346 345 527 357 356 550 391 388 533 399 396 555 343 504 354 507 390 574 398 577 339 350 653 660 336 384 652 684 347 392 358 400 659 690 666 696] [0 0 0 -1] face
[1155 1284 1156 329 328 524 1144 1283 1146 377 376 530 1319 1157 331 651 1263 1145 379 683 1331 324 1073 641 333 381 649 681 1333 1332 334 382 1022 1021 648 680] [0 0 1 0] face
[1165 1306 1166 306 305 498 1160 1305 1162 317 316 501 1320 1167 308 630 1297 1161 319 640 1334 301 783 620 310 321 628 636 1336 1335 311 322 1032 1031 627 639] [0 1 0 0] face
[1242 1337 1241 288 427 1339 1338 430 428] [1 -2 -1 0] face
[1170 1251 1172 1243 1171 1340 1250 1337 1241 1342 1341 1338 1128 1248 1240 1328 428 1329] [1 -3 -1 1] face
[1253 1343 1252 1340 1250 1345 1344 1341 1328] [1 -2 0 1] face
[1175 1254 1176 1265 1177 1343 1252 1346 1264 1348 1344 1347 1133 1249 1262 1328 417 1330] [1 -3 1 1] face
[1266 1346 1264 264 416 1349 1347 419 417] [1 -2 1 0] face
[1245 1350 1244 284 407 95 94 91 404] [1 -1 -2 0] face
[1257 1352 1256 1351 1255 37 36 35 459] [1 -1 0 2] face
[1268 1353 1267 255 380 1355 1354 383 381] [1 -1 2 0] face
[1180 1272 1182 1246 1181 1356 1271 1350 1244 97 96 94 475 482 481 485 404 92] [1 -1 -3 1] face
[1185 1274 1190 1258 1189 1357 1273 1351 1255 39 38 35 439 453 451 460 459 31] [1 -1 -1 3] face
[1193 1286 1195 1259 1194 1358 1285 1352 1256 41 40 36 442 455 452 461 459 32] [1 -1 1 3] face
[1198 1288 1203 1269 1202 1359 1287 1353 1267 1361 1360 1354 1144 1283 1263 1331 381 1332] [1 -1 3 1] face
[1276 1362 1275 1356 1271 99 98 96 485] [1 0 -2 1] face
[1278 1363 1277 1357 1273 43 42 38 460] [1 0 -1 2] face
[1290 1364 1289 1358 1285 45 44 40 461] [1 0 1 2] face
[1292 1365 1291 1359 1287 1367 1366 1360 1331] [1 0 2 1] face
[1206 1279 1207 1299 1208 1362 1275 1368 1298 101 98 100 478 483 484 485 364 93] [1 1 -3 1] face
[1300 1368 1298 223 367 102 100 88 364] [1 1 -2 0] face
[1211 1280 1212 1308 1213 1363 1277 1369 1307 47 42 46 445 454 457 460 462 33] [1 1 -1 3] face
[1310 1370 1309 1369 1307 49 48 46 462] [1 1 0 2] face
[1216 1293 1217 1311 1218 1364 1289 1370 1309 50 44 48 448 456 458 461 462 34] [1 1 1 3] face
[1221 1294 1222 1322 1223 1365 1291 1371 1321 1373 1366 1372 1155 1284 1319 1331 333 1333] [1 1 3 1] face
[1323 1371 1321 179 332 1374 1372 335 333] [1 1 2 0] face
[1302 1375 1301 214 320 1377 1376 323 321] [1 2 -1 0] face
[1226 1313 1231 1303 1230 1378 1312 1375 1301 1380 1379 1376 1160 1305 1297 1334 321 1335] [1 3 -1 1] face
[1315 1381 1314 1378 1312 1383 1382 1379 1334] [1 2 0 1] face
[1234 1316 1238 1325 1239 1381 1314 1384 1324 1386 1382 1385 1165 1306 1320 1334 310 1336] [1 3 1 1] face
[1326 1384 1324 174 309 1387 1385 312 310] [1 2 1 0] face
[1245 1247 1350 293 284 1242 1337 288 95 103 85 1339 1388 294 76 157 141 158] [1 -1 -1 0] face
[1257 1261 1352 1260 1351 1253 1343 1340 37 52 51 1345 1390 1389 28 152 151 153] [1 -1 0 1] face
[1268 1270 1353 269 255 1266 1346 264 1355 1393 271 1349 1391 270 1395 1392 123 1394] [1 -1 1 0] face
[1188 1185 1274 1180 1272 1187 1258 1186 1246 1170 1251 1243 1281 1357 1356 1260 1351 1247 1350 1340 1337 39 53 97 104 51 103 1342 1389 1388 1396 54 105 151 157 1397] [1 -1 -1 1] face
[1201 1193 1286 1198 1288 1199 1259 1200 1269 1175 1254 1265 1295 1358 1359 1261 1352 1270 1353 1343 1346 41 55 1361 1399 52 1393 1348 1390 1391 1398 56 1401 152 1392 1400] [1 -1 1 1] face
[1278 1282 1363 1281 1357 1276 1362 1356 43 57 53 99 106 104 58 19 1396 107] [1 0 -1 1] face
[1290 1296 1364 1295 1358 1292 1365 1359 45 59 55 1367 1403 1399 60 1402 1398 1404] [1 0 1 1] face
[1300 1304 1368 227 223 1302 1375 214 102 108 80 1377 1405 228 23 10 25 26] [1 1 -1 0] face
[1227 1211 1280 1206 1279 1229 1308 1228 1299 1226 1313 1303 1282 1363 1362 1317 1369 1304 1368 1378 1375 47 57 101 106 61 108 1380 1406 1405 19 13 16 1 10 20] [1 1 -1 1] face
[1310 1318 1370 1317 1369 1315 1381 1378 49 62 61 1383 1407 1406 4 6 1 7] [1 1 0 1] face
[1235 1216 1293 1221 1294 1236 1311 1237 1322 1234 1316 1325 1296 1364 1365 1318 1370 1327 1371 1381 1384 50 59 1373 1403 62 1408 1386 1407 1410 1402 63 1411 6 1409 1412] [1 1 1 1] face
[1323 1327 1371 188 179 1326 1384 174 1374 1408 189 1387 1410 191 1413 1409 190 1414] [1 1 1 0] face
[1345 1348 1390 1344 298 265 250 410 1342 1389 1341 289 275 421 1349 1391 1347 270 419 1339 1388 1338 294 430 153 1400 155 299 124 127 1397 154 145 147 1394 1415 128 158 159 142 1330 1329 418 429 1417 1416 129 148] [1 -1 0 0] face
[300 122 130 144 149 299 127 147 121] [2 -1 0 -1] face
[1395 1392 1418 123 132 1394 1415 128 131] [2 -1 1 0] face
[1396 54 64 105 109 151 29 157 77 1397 154 159 21 65 110 156 143 1416] [3 -1 -1 1] face
[58 19 14 1396 64 107 17 109 21] [2 0 -1 1] face
[1398 56 66 1401 1419 152 30 1392 1418 1400 155 1415 1420 67 1421 156 131 1417] [3 -1 1 1] face
[60 1402 68 1398 66 1404 1422 1419 1420] [2 0 1 1] face
[239 184 169 341 245 219 210 352 260 234 371 280 243 373 204 163 338 198 349 296 251 386 276 394 117 192 119 139 229 140 125 113 146 136 205 1424 1423 300 130 149 347 392 358 400 1426 133 1425 150] [1 0 0 -1] face
[1367 1373 1403 1366 237 180 170 326 1361 1399 1360 256 235 369 1374 1408 1372 189 335 1355 1393 1354 271 383 1404 1411 1422 118 193 120 1401 1419 126 114 1413 1429 1427 1395 1418 132 1333 1332 334 382 1430 1421 1428 134] [1 0 1 0] face
[205 164 1424 199 1423 206 1433 1432 1431] [2 1 0 -1] face
[138 229 140 81 72 199 1423 25 24 230 1432 27 137 1425 111 1431 11 1434] [3 1 -1 -1] face
[116 192 119 193 120 164 1424 190 1427 194 1433 1436 115 1426 1428 1431 1435 1437] [3 1 1 -1] face
[1413 1409 1429 190 1427 1414 1438 1436 1435] [2 1 1 0] face
[1402 63 68 1411 1422 6 5 1409 1429 1412 8 1438 1420 69 1430 2 1435 1439] [3 1 1 1] face
[1383 1386 1407 1382 202 175 165 303 1380 1406 1379 215 200 314 1387 1410 1385 191 312 1377 1405 1376 228 323 7 1412 8 206 194 1433 20 3 230 1432 1414 1438 1436 26 12 27 1336 1335 311 322 1439 22 1437 1434] [1 1 0 0] face
[1420 69 67 115 1426 133 21 15 65 137 1425 150 1430 1421 1428 134 18 110 111 75 2 1431 156 121 1435 11 131 143 1439 22 1437 1434 1417 1416 129 148] [1 0 0 0] face
]
shape [0.5 0.5 0.5 0.5] translate [0.5 0.5 0.5 0.5] aligncenter "runcitruncated-24cell" def

