[
[1 2.4142135623730954 2.4142135623730954 3.8284271247461907]
[1 2.4142135623730954 2.4142135623730954 -3.8284271247461907]
[1 2.4142135623730954 -2.4142135623730954 3.8284271247461907]
[1 2.4142135623730954 -2.4142135623730954 -3.8284271247461907]
[1 -2.4142135623730954 2.4142135623730954 3.8284271247461907]
[1 -2.4142135623730954 2.4142135623730954 -3.8284271247461907]
[1 -2.4142135623730954 -2.4142135623730954 3.8284271247461907]
[1 -2.4142135623730954 -2.4142135623730954 -3.8284271247461907]
[-1 2.4142135623730954 2.4142135623730954 3.8284271247461907]
[-1 2.4142135623730954 2.4142135623730954 -3.8284271247461907]
[-1 2.4142135623730954 -2.4142135623730954 3.8284271247461907]
[-1 2.4142135623730954 -2.4142135623730954 -3.8284271247461907]
[-1 -2.4142135623730954 2.4142135623730954 3.8284271247461907]
[-1 -2.4142135623730954 2.4142135623730954 -3.8284271247461907]
[-1 -2.4142135623730954 -2.4142135623730954 3.8284271247461907]
[-1 -2.4142135623730954 -2.4142135623730954 -3.8284271247461907]
[1 2.4142135623730954 3.8284271247461907 2.4142135623730954]
[1 2.4142135623730954 3.8284271247461907 -2.4142135623730954]
[1 2.4142135623730954 -3.8284271247461907 2.4142135623730954]
[1 2.4142135623730954 -3.8284271247461907 -2.4142135623730954]
[1 -2.4142135623730954 3.8284271247461907 2.4142135623730954]
[1 -2.4142135623730954 3.8284271247461907 -2.4142135623730954]
[1 -2.4142135623730954 -3.8284271247461907 2.4142135623730954]
[1 -2.4142135623730954 -3.8284271247461907 -2.4142135623730954]
[-1 2.4142135623730954 3.8284271247461907 2.4142135623730954]
[-1 2.4142135623730954 3.8284271247461907 -2.4142135623730954]
[-1 2.4142135623730954 -3.8284271247461907 2.4142135623730954]
[-1 2.4142135623730954 -3.8284271247461907 -2.4142135623730954]
[-1 -2.4142135623730954 3.8284271247461907 2.4142135623730954]
[-1 -2.4142135623730954 3.8284271247461907 -2.4142135623730954]
[-1 -2.4142135623730954 -3.8284271247461907 2.4142135623730954]
[-1 -2.4142135623730954 -3.8284271247461907 -2.4142135623730954]
[1 3.8284271247461907 2.4142135623730954 2.4142135623730954]
[1 3.8284271247461907 2.4142135623730954 -2.4142135623730954]
[1 3.8284271247461907 -2.4142135623730954 2.4142135623730954]
[1 3.8284271247461907 -2.4142135623730954 -2.4142135623730954]
[1 -3.8284271247461907 2.4142135623730954 2.4142135623730954]
[1 -3.8284271247461907 2.4142135623730954 -2.4142135623730954]
[1 -3.8284271247461907 -2.4142135623730954 2.4142135623730954]
[1 -3.8284271247461907 -2.4142135623730954 -2.4142135623730954]
[-1 3.8284271247461907 2.4142135623730954 2.4142135623730954]
[-1 3.8284271247461907 2.4142135623730954 -2.4142135623730954]
[-1 3.8284271247461907 -2.4142135623730954 2.4142135623730954]
[-1 3.8284271247461907 -2.4142135623730954 -2.4142135623730954]
[-1 -3.8284271247461907 2.4142135623730954 2.4142135623730954]
[-1 -3.8284271247461907 2.4142135623730954 -2.4142135623730954]
[-1 -3.8284271247461907 -2.4142135623730954 2.4142135623730954]
[-1 -3.8284271247461907 -2.4142135623730954 -2.4142135623730954]
[2.4142135623730954 1 2.4142135623730954 3.8284271247461907]
[2.4142135623730954 1 2.4142135623730954 -3.8284271247461907]
[2.4142135623730954 1 -2.4142135623730954 3.8284271247461907]
[2.4142135623730954 1 -2.4142135623730954 -3.8284271247461907]
[2.4142135623730954 -1 2.4142135623730954 3.8284271247461907]
[2.4142135623730954 -1 2.4142135623730954 -3.8284271247461907]
[2.4142135623730954 -1 -2.4142135623730954 3.8284271247461907]
[2.4142135623730954 -1 -2.4142135623730954 -3.8284271247461907]
[-2.4142135623730954 1 2.4142135623730954 3.8284271247461907]
[-2.4142135623730954 1 2.4142135623730954 -3.8284271247461907]
[-2.4142135623730954 1 -2.4142135623730954 3.8284271247461907]
[-2.4142135623730954 1 -2.4142135623730954 -3.8284271247461907]
[-2.4142135623730954 -1 2.4142135623730954 3.8284271247461907]
[-2.4142135623730954 -1 2.4142135623730954 -3.8284271247461907]
[-2.4142135623730954 -1 -2.4142135623730954 3.8284271247461907]
[-2.4142135623730954 -1 -2.4142135623730954 -3.8284271247461907]
[2.4142135623730954 1 3.8284271247461907 2.4142135623730954]
[2.4142135623730954 1 3.8284271247461907 -2.4142135623730954]
[2.4142135623730954 1 -3.8284271247461907 2.4142135623730954]
[2.4142135623730954 1 -3.8284271247461907 -2.4142135623730954]
[2.4142135623730954 -1 3.8284271247461907 2.4142135623730954]
[2.4142135623730954 -1 3.8284271247461907 -2.4142135623730954]
[2.4142135623730954 -1 -3.8284271247461907 2.4142135623730954]
[2.4142135623730954 -1 -3.8284271247461907 -2.4142135623730954]
[-2.4142135623730954 1 3.8284271247461907 2.4142135623730954]
[-2.4142135623730954 1 3.8284271247461907 -2.4142135623730954]
[-2.4142135623730954 1 -3.8284271247461907 2.4142135623730954]
[-2.4142135623730954 1 -3.8284271247461907 -2.4142135623730954]
[-2.4142135623730954 -1 3.8284271247461907 2.4142135623730954]
[-2.4142135623730954 -1 3.8284271247461907 -2.4142135623730954]
[-2.4142135623730954 -1 -3.8284271247461907 2.4142135623730954]
[-2.4142135623730954 -1 -3.8284271247461907 -2.4142135623730954]
[2.4142135623730954 2.4142135623730954 1 3.8284271247461907]
[2.4142135623730954 2.4142135623730954 1 -3.8284271247461907]
[2.4142135623730954 2.4142135623730954 -1 3.8284271247461907]
[2.4142135623730954 2.4142135623730954 -1 -3.8284271247461907]
[2.4142135623730954 -2.4142135623730954 1 3.8284271247461907]
[2.4142135623730954 -2.4142135623730954 1 -3.8284271247461907]
[2.4142135623730954 -2.4142135623730954 -1 3.8284271247461907]
[2.4142135623730954 -2.4142135623730954 -1 -3.8284271247461907]
[-2.4142135623730954 2.4142135623730954 1 3.8284271247461907]
[-2.4142135623730954 2.4142135623730954 1 -3.8284271247461907]
[-2.4142135623730954 2.4142135623730954 -1 3.8284271247461907]
[-2.4142135623730954 2.4142135623730954 -1 -3.8284271247461907]
[-2.4142135623730954 -2.4142135623730954 1 3.8284271247461907]
[-2.4142135623730954 -2.4142135623730954 1 -3.8284271247461907]
[-2.4142135623730954 -2.4142135623730954 -1 3.8284271247461907]
[-2.4142135623730954 -2.4142135623730954 -1 -3.8284271247461907]
[2.4142135623730954 2.4142135623730954 3.8284271247461907 1]
[2.4142135623730954 2.4142135623730954 3.8284271247461907 -1]
[2.4142135623730954 2.4142135623730954 -3.8284271247461907 1]
[2.4142135623730954 2.4142135623730954 -3.8284271247461907 -1]
[2.4142135623730954 -2.4142135623730954 3.8284271247461907 1]
[2.4142135623730954 -2.4142135623730954 3.8284271247461907 -1]
[2.4142135623730954 -2.4142135623730954 -3.8284271247461907 1]
[2.4142135623730954 -2.4142135623730954 -3.8284271247461907 -1]
[-2.4142135623730954 2.4142135623730954 3.8284271247461907 1]
[-2.4142135623730954 2.4142135623730954 3.8284271247461907 -1]
[-2.4142135623730954 2.4142135623730954 -3.8284271247461907 1]
[-2.4142135623730954 2.4142135623730954 -3.8284271247461907 -1]
[-2.4142135623730954 -2.4142135623730954 3.8284271247461907 1]
[-2.4142135623730954 -2.4142135623730954 3.8284271247461907 -1]
[-2.4142135623730954 -2.4142135623730954 -3.8284271247461907 1]
[-2.4142135623730954 -2.4142135623730954 -3.8284271247461907 -1]
[2.4142135623730954 3.8284271247461907 1 2.4142135623730954]
[2.4142135623730954 3.8284271247461907 1 -2.4142135623730954]
[2.4142135623730954 3.8284271247461907 -1 2.4142135623730954]
[2.4142135623730954 3.8284271247461907 -1 -2.4142135623730954]
[2.4142135623730954 -3.8284271247461907 1 2.4142135623730954]
[2.4142135623730954 -3.8284271247461907 1 -2.4142135623730954]
[2.4142135623730954 -3.8284271247461907 -1 2.4142135623730954]
[2.4142135623730954 -3.8284271247461907 -1 -2.4142135623730954]
[-2.4142135623730954 3.8284271247461907 1 2.4142135623730954]
[-2.4142135623730954 3.8284271247461907 1 -2.4142135623730954]
[-2.4142135623730954 3.8284271247461907 -1 2.4142135623730954]
[-2.4142135623730954 3.8284271247461907 -1 -2.4142135623730954]
[-2.4142135623730954 -3.8284271247461907 1 2.4142135623730954]
[-2.4142135623730954 -3.8284271247461907 1 -2.4142135623730954]
[-2.4142135623730954 -3.8284271247461907 -1 2.4142135623730954]
[-2.4142135623730954 -3.8284271247461907 -1 -2.4142135623730954]
[2.4142135623730954 3.8284271247461907 2.4142135623730954 1]
[2.4142135623730954 3.8284271247461907 2.4142135623730954 -1]
[2.4142135623730954 3.8284271247461907 -2.4142135623730954 1]
[2.4142135623730954 3.8284271247461907 -2.4142135623730954 -1]
[2.4142135623730954 -3.8284271247461907 2.4142135623730954 1]
[2.4142135623730954 -3.8284271247461907 2.4142135623730954 -1]
[2.4142135623730954 -3.8284271247461907 -2.4142135623730954 1]
[2.4142135623730954 -3.8284271247461907 -2.4142135623730954 -1]
[-2.4142135623730954 3.8284271247461907 2.4142135623730954 1]
[-2.4142135623730954 3.8284271247461907 2.4142135623730954 -1]
[-2.4142135623730954 3.8284271247461907 -2.4142135623730954 1]
[-2.4142135623730954 3.8284271247461907 -2.4142135623730954 -1]
[-2.4142135623730954 -3.8284271247461907 2.4142135623730954 1]
[-2.4142135623730954 -3.8284271247461907 2.4142135623730954 -1]
[-2.4142135623730954 -3.8284271247461907 -2.4142135623730954 1]
[-2.4142135623730954 -3.8284271247461907 -2.4142135623730954 -1]
[3.8284271247461907 1 2.4142135623730954 2.4142135623730954]
[3.8284271247461907 1 2.4142135623730954 -2.4142135623730954]
[3.8284271247461907 1 -2.4142135623730954 2.4142135623730954]
[3.8284271247461907 1 -2.4142135623730954 -2.4142135623730954]
[3.8284271247461907 -1 2.4142135623730954 2.4142135623730954]
[3.8284271247461907 -1 2.4142135623730954 -2.4142135623730954]
[3.8284271247461907 -1 -2.4142135623730954 2.4142135623730954]
[3.8284271247461907 -1 -2.4142135623730954 -2.4142135623730954]
[-3.8284271247461907 1 2.4142135623730954 2.4142135623730954]
[-3.8284271247461907 1 2.4142135623730954 -2.4142135623730954]
[-3.8284271247461907 1 -2.4142135623730954 2.4142135623730954]
[-3.8284271247461907 1 -2.4142135623730954 -2.4142135623730954]
[-3.8284271247461907 -1 2.4142135623730954 2.4142135623730954]
[-3.8284271247461907 -1 2.4142135623730954 -2.4142135623730954]
[-3.8284271247461907 -1 -2.4142135623730954 2.4142135623730954]
[-3.8284271247461907 -1 -2.4142135623730954 -2.4142135623730954]
[3.8284271247461907 2.4142135623730954 1 2.4142135623730954]
[3.8284271247461907 2.4142135623730954 1 -2.4142135623730954]
[3.8284271247461907 2.4142135623730954 -1 2.4142135623730954]
[3.8284271247461907 2.4142135623730954 -1 -2.4142135623730954]
[3.8284271247461907 -2.4142135623730954 1 2.4142135623730954]
[3.8284271247461907 -2.4142135623730954 1 -2.4142135623730954]
[3.8284271247461907 -2.4142135623730954 -1 2.4142135623730954]
[3.8284271247461907 -2.4142135623730954 -1 -2.4142135623730954]
[-3.8284271247461907 2.4142135623730954 1 2.4142135623730954]
[-3.8284271247461907 2.4142135623730954 1 -2.4142135623730954]
[-3.8284271247461907 2.4142135623730954 -1 2.4142135623730954]
[-3.8284271247461907 2.4142135623730954 -1 -2.4142135623730954]
[-3.8284271247461907 -2.4142135623730954 1 2.4142135623730954]
[-3.8284271247461907 -2.4142135623730954 1 -2.4142135623730954]
[-3.8284271247461907 -2.4142135623730954 -1 2.4142135623730954]
[-3.8284271247461907 -2.4142135623730954 -1 -2.4142135623730954]
[3.8284271247461907 2.4142135623730954 2.4142135623730954 1]
[3.8284271247461907 2.4142135623730954 2.4142135623730954 -1]
[3.8284271247461907 2.4142135623730954 -2.4142135623730954 1]
[3.8284271247461907 2.4142135623730954 -2.4142135623730954 -1]
[3.8284271247461907 -2.4142135623730954 2.4142135623730954 1]
[3.8284271247461907 -2.4142135623730954 2.4142135623730954 -1]
[3.8284271247461907 -2.4142135623730954 -2.4142135623730954 1]
[3.8284271247461907 -2.4142135623730954 -2.4142135623730954 -1]
[-3.8284271247461907 2.4142135623730954 2.4142135623730954 1]
[-3.8284271247461907 2.4142135623730954 2.4142135623730954 -1]
[-3.8284271247461907 2.4142135623730954 -2.4142135623730954 1]
[-3.8284271247461907 2.4142135623730954 -2.4142135623730954 -1]
[-3.8284271247461907 -2.4142135623730954 2.4142135623730954 1]
[-3.8284271247461907 -2.4142135623730954 2.4142135623730954 -1]
[-3.8284271247461907 -2.4142135623730954 -2.4142135623730954 1]
[-3.8284271247461907 -2.4142135623730954 -2.4142135623730954 -1]
][
81 161 edge
81 113 edge
113 161 edge
49 145 edge
49 81 edge
145 161 edge
49 65 edge
65 145 edge
1 81 edge
1 33 edge
33 113 edge
1 49 edge
1 17 edge
17 65 edge
17 33 edge
17 97 edge
65 97 edge
33 129 edge
97 129 edge
113 129 edge
97 177 edge
129 177 edge
145 177 edge
161 177 edge
83 163 edge
81 83 edge
161 163 edge
83 115 edge
115 163 edge
113 115 edge
51 147 edge
51 83 edge
147 163 edge
53 149 edge
49 53 edge
145 149 edge
55 151 edge
51 55 edge
147 151 edge
85 165 edge
53 85 edge
149 165 edge
87 167 edge
55 87 edge
151 167 edge
85 87 edge
165 167 edge
51 67 edge
67 147 edge
3 83 edge
3 35 edge
35 115 edge
3 51 edge
3 19 edge
19 67 edge
19 35 edge
19 99 edge
67 99 edge
35 131 edge
99 131 edge
115 131 edge
99 179 edge
131 179 edge
147 179 edge
163 179 edge
53 69 edge
69 149 edge
65 69 edge
55 71 edge
71 151 edge
67 71 edge
85 117 edge
117 165 edge
5 53 edge
5 85 edge
5 21 edge
21 69 edge
5 37 edge
37 117 edge
21 37 edge
37 133 edge
117 133 edge
21 101 edge
101 133 edge
69 101 edge
133 181 edge
101 181 edge
165 181 edge
149 181 edge
87 119 edge
119 167 edge
7 55 edge
7 87 edge
7 23 edge
23 71 edge
7 39 edge
39 119 edge
23 39 edge
39 135 edge
119 135 edge
23 103 edge
103 135 edge
71 103 edge
135 183 edge
103 183 edge
167 183 edge
151 183 edge
117 119 edge
1 9 edge
3 11 edge
9 89 edge
11 91 edge
89 91 edge
9 41 edge
33 41 edge
11 43 edge
35 43 edge
89 121 edge
41 121 edge
91 123 edge
43 123 edge
121 123 edge
5 13 edge
9 57 edge
13 61 edge
57 61 edge
7 15 edge
11 59 edge
15 63 edge
59 63 edge
13 93 edge
15 95 edge
93 95 edge
57 89 edge
59 91 edge
61 93 edge
63 95 edge
9 25 edge
17 25 edge
13 29 edge
21 29 edge
57 73 edge
25 73 edge
61 77 edge
29 77 edge
73 77 edge
11 27 edge
19 27 edge
15 31 edge
23 31 edge
59 75 edge
27 75 edge
63 79 edge
31 79 edge
75 79 edge
13 45 edge
37 45 edge
15 47 edge
39 47 edge
93 125 edge
45 125 edge
95 127 edge
47 127 edge
125 127 edge
25 41 edge
27 43 edge
29 45 edge
31 47 edge
89 169 edge
121 169 edge
57 153 edge
153 169 edge
73 153 edge
153 185 edge
169 185 edge
105 185 edge
73 105 edge
137 185 edge
105 137 edge
121 137 edge
25 105 edge
41 137 edge
91 171 edge
123 171 edge
59 155 edge
155 171 edge
75 155 edge
155 187 edge
171 187 edge
107 187 edge
75 107 edge
139 187 edge
107 139 edge
123 139 edge
27 107 edge
43 139 edge
61 157 edge
93 173 edge
157 173 edge
77 157 edge
125 173 edge
173 189 edge
157 189 edge
141 189 edge
125 141 edge
109 189 edge
109 141 edge
77 109 edge
45 141 edge
29 109 edge
63 159 edge
95 175 edge
159 175 edge
79 159 edge
127 175 edge
175 191 edge
159 191 edge
143 191 edge
127 143 edge
111 191 edge
111 143 edge
79 111 edge
47 143 edge
31 111 edge
169 171 edge
153 157 edge
155 159 edge
173 175 edge
190 191 edge
172 174 edge
188 189 edge
174 190 edge
172 188 edge
154 158 edge
152 156 edge
186 187 edge
158 190 edge
154 186 edge
168 170 edge
158 174 edge
156 172 edge
154 170 edge
152 168 edge
184 185 edge
156 188 edge
152 184 edge
170 186 edge
168 184 edge
142 190 edge
142 143 edge
126 174 edge
124 172 edge
124 126 edge
140 188 edge
140 141 edge
126 142 edge
124 140 edge
110 190 edge
110 111 edge
110 142 edge
94 174 edge
92 172 edge
92 94 edge
94 126 edge
92 124 edge
108 188 edge
108 109 edge
108 140 edge
78 158 edge
74 154 edge
74 78 edge
62 158 edge
58 154 edge
58 62 edge
62 78 edge
58 74 edge
60 156 edge
56 152 edge
56 60 edge
76 156 edge
72 152 edge
72 76 edge
60 76 edge
56 72 edge
106 186 edge
106 107 edge
78 110 edge
74 106 edge
90 170 edge
88 168 edge
88 90 edge
62 94 edge
60 92 edge
58 90 edge
56 88 edge
104 184 edge
104 105 edge
76 108 edge
72 104 edge
138 186 edge
138 139 edge
106 138 edge
122 170 edge
120 168 edge
120 122 edge
90 122 edge
88 120 edge
136 184 edge
136 137 edge
104 136 edge
122 138 edge
120 136 edge
30 46 edge
14 46 edge
14 30 edge
46 142 edge
46 126 edge
30 110 edge
14 94 edge
30 78 edge
14 62 edge
12 44 edge
28 44 edge
12 28 edge
44 124 edge
44 140 edge
12 92 edge
28 108 edge
12 60 edge
28 76 edge
10 26 edge
26 42 edge
10 42 edge
26 74 edge
10 58 edge
26 106 edge
10 90 edge
42 138 edge
42 122 edge
8 24 edge
8 40 edge
24 40 edge
8 56 edge
24 72 edge
8 88 edge
24 104 edge
40 120 edge
40 136 edge
38 46 edge
22 30 edge
22 38 edge
6 14 edge
6 38 edge
6 22 edge
36 44 edge
4 12 edge
4 36 edge
20 28 edge
20 36 edge
4 20 edge
18 26 edge
2 10 edge
2 18 edge
34 42 edge
18 34 edge
2 34 edge
0 8 edge
16 24 edge
0 16 edge
32 40 edge
0 32 edge
16 32 edge
134 135 edge
38 134 edge
116 118 edge
38 118 edge
36 116 edge
132 133 edge
36 132 edge
118 134 edge
116 132 edge
102 103 edge
22 102 edge
102 134 edge
84 86 edge
6 86 edge
4 84 edge
86 118 edge
84 116 edge
100 101 edge
20 100 edge
100 132 edge
22 70 edge
66 70 edge
18 66 edge
6 54 edge
50 54 edge
2 50 edge
54 70 edge
50 66 edge
4 52 edge
48 52 edge
0 48 edge
20 68 edge
64 68 edge
16 64 edge
52 68 edge
48 64 edge
98 99 edge
18 98 edge
70 102 edge
66 98 edge
2 82 edge
80 82 edge
0 80 edge
54 86 edge
52 84 edge
50 82 edge
48 80 edge
16 96 edge
96 97 edge
68 100 edge
64 96 edge
130 131 edge
34 130 edge
98 130 edge
34 114 edge
112 114 edge
32 112 edge
82 114 edge
80 112 edge
32 128 edge
128 129 edge
96 128 edge
114 130 edge
112 128 edge
134 182 edge
182 183 edge
102 182 edge
118 166 edge
116 164 edge
164 166 edge
86 166 edge
84 164 edge
132 180 edge
180 181 edge
100 180 edge
166 182 edge
164 180 edge
70 150 edge
54 150 edge
150 182 edge
150 166 edge
52 148 edge
68 148 edge
148 164 edge
148 180 edge
66 146 edge
146 150 edge
50 146 edge
48 144 edge
144 148 edge
64 144 edge
98 178 edge
178 179 edge
130 178 edge
146 178 edge
82 162 edge
146 162 edge
114 162 edge
162 178 edge
80 160 edge
160 162 edge
144 160 edge
112 160 edge
96 176 edge
128 176 edge
144 176 edge
160 176 edge
176 177 edge
][
[12 9 11 8 14 13 15 10 17 6 4 3 16 7 1 0 18 20 19 2 21 5 22 23] [1 1 1 -1] face
[25 1 0 27 24 29 2 28 26] [1 1 0 -1] face
[34 4 3 37 31 30 40 33 43 36 25 0 24 45 39 42 35 5 38 32 41 44 26 46] [1 0 0 -1] face
[53 50 52 49 55 54 56 51 58 47 31 30 57 48 27 24 59 61 60 28 62 32 63 64] [1 1 -1 -1] face
[34 6 3 65 33 67 7 66 35] [1 0 1 -1] face
[37 47 30 68 36 70 48 69 38] [1 0 -1 -1] face
[75 77 73 74 79 76 82 78 80 65 40 33 84 66 71 39 83 86 81 72 85 41 88 87] [1 -1 1 -1] face
[93 95 91 92 97 94 100 96 98 68 43 36 102 69 89 42 101 104 99 90 103 44 106 105] [1 -1 -1 -1] face
[45 71 39 89 42 107 72 90 46] [1 -1 0 -1] face
[108 9 8 109 50 49 113 110 115 111 114 10 116 51 118 120 25 1 27 112 117 119 29 121] [0 1 0 -1] face
[108 11 8 109 52 49 122 73 74 126 91 92 123 110 127 111 124 130 128 131 34 4 37 31 40 43 125 133 129 134 135 136 25 45 112 132] [0 0 0 -1] face
[108 12 11 122 75 73 137 123 139 124 138 13 140 76 142 144 34 6 65 125 141 143 67 145] [0 0 1 -1] face
[109 53 52 126 93 91 146 127 148 128 147 54 149 94 151 153 37 47 68 129 150 152 70 154] [0 0 -1 -1] face
[122 77 74 126 95 92 155 130 157 131 156 78 158 96 160 162 45 71 89 132 159 161 107 163] [0 -1 0 -1] face
[108 12 9 137 113 138 14 164 114] [0 1 1 -1] face
[109 53 50 146 115 147 55 165 116] [0 1 -1 -1] face
[122 75 77 139 155 140 79 166 156] [0 -1 1 -1] face
[126 93 95 148 157 149 97 167 158] [0 -1 -1 -1] face
[137 113 123 110 164 142 180 118 181 141 133 170 176 172 117 168 178 175 179 169 177 171 173 174] [-1 1 1 -1] face
[146 115 127 111 165 151 194 120 195 150 134 184 190 186 119 182 192 189 193 183 191 185 187 188] [-1 1 -1 -1] face
[139 155 124 130 166 144 209 160 208 143 135 196 207 199 159 197 206 205 204 200 203 198 202 201] [-1 -1 1 -1] face
[148 157 128 131 167 153 223 162 222 152 136 210 221 213 161 211 220 219 218 214 217 212 216 215] [-1 -1 -1 -1] face
[112 117 168 119 182 121 169 183 224] [-1 1 0 -1] face
[125 133 170 129 134 184 135 196 136 210 112 168 182 132 197 211 225 171 226 185 198 212 224 227] [-1 0 0 -1] face
[125 141 170 143 196 145 172 199 225] [-1 0 1 -1] face
[129 150 184 152 210 154 186 213 226] [-1 0 -1 -1] face
[132 159 197 161 211 163 200 214 227] [-1 -1 0 -1] face
[234 242 245 225 171 173 233 241 237 226 185 187 240 244 198 202 239 236 212 216 238 247 224 174 246 188 229 232 227 201 231 215 243 235 230 228] [-1 0 0 0] face
[252 256 251 163 204 200 255 250 218 214 254 253 203 249 248 217 229 232 227 201 231 215 230 228] [-1 -1 0 0] face
[258 259 257 220 219 249 248 217 228] [-1 -1 -1 0] face
[262 264 261 263 260 252 251 250 229] [-1 -1 0 1] face
[266 267 265 206 205 254 253 203 230] [-1 -1 1 0] face
[273 275 272 274 271 270 269 268 233] [-1 0 -1 1] face
[278 283 277 282 276 281 280 279 234] [-1 0 1 1] face
[270 287 269 154 190 186 286 268 221 213 285 284 189 258 257 219 233 237 226 187 236 216 235 228] [-1 0 -1 0] face
[278 294 277 273 293 272 292 276 291 271 290 289 288 262 261 260 234 242 233 241 240 239 238 229] [-1 0 0 1] face
[281 298 280 145 176 172 297 279 207 199 296 295 175 266 265 205 234 245 225 173 244 202 243 230] [-1 0 1 0] face
[285 301 284 192 189 300 299 191 235] [-1 1 -1 0] face
[290 306 289 305 288 304 303 302 238] [-1 1 0 1] face
[296 309 295 178 175 308 307 177 243] [-1 1 1 0] face
[304 311 303 121 179 169 310 302 193 183 308 307 177 300 299 191 238 247 224 174 246 188 243 235] [-1 1 0 0] face
[314 313 320 318 312 319 317 316 315 274 291 271 286 268 263 260 259 257 255 250 248 239 236 231] [-1 -1 -1 1] face
[323 321 328 326 322 329 327 324 325 282 292 276 297 279 264 261 267 265 256 251 253 240 244 232] [-1 -1 1 1] face
[330 332 334 336 331 333 335 338 337 275 293 272 287 269 305 288 301 284 310 302 299 241 237 246] [-1 1 -1 1] face
[339 340 342 344 341 343 345 346 347 283 294 277 298 280 306 289 309 295 311 303 307 242 245 247] [-1 1 1 1] face
[351 353 352 314 313 349 350 312 348] [0 -1 -1 1] face
[355 359 356 323 321 357 358 322 354] [0 -1 1 1] face
[361 362 365 330 332 360 364 331 363] [0 1 -1 1] face
[366 368 370 339 340 367 371 341 369] [0 1 1 1] face
[354 376 378 156 78 80 348 375 373 158 96 98 324 325 160 208 316 315 162 222 374 380 107 81 379 99 252 256 163 204 255 218 377 372 254 249] [0 -1 0 0] face
[349 350 382 149 97 100 312 317 167 223 348 373 158 98 315 222 381 383 101 258 259 220 372 249] [0 -1 -1 0] face
[355 356 386 351 352 385 321 326 313 318 354 376 348 375 324 316 384 388 387 262 264 263 374 252] [0 -1 0 1] face
[357 358 390 140 79 82 322 327 166 209 354 378 156 80 325 208 389 391 83 266 267 206 377 254] [0 -1 1 0] face
[361 362 397 351 353 395 330 334 314 320 360 394 349 392 333 319 396 399 398 273 275 274 393 270] [0 0 -1 1] face
[366 368 402 355 359 400 339 342 323 328 367 405 357 403 343 329 401 407 406 278 283 282 404 281] [0 0 1 1] face
[360 394 409 147 54 56 349 392 382 149 94 100 333 335 151 194 319 317 153 223 393 411 70 57 410 102 270 287 154 190 286 221 408 381 285 258] [0 0 -1 0] face
[366 402 414 361 397 412 355 400 386 351 395 385 342 344 334 336 328 326 320 318 401 418 396 417 416 415 278 294 273 293 292 291 413 384 290 262] [0 0 0 1] face
[367 405 419 138 13 15 357 403 390 140 76 82 343 345 142 180 329 327 144 209 404 422 67 16 421 84 281 298 145 176 297 207 420 389 296 266] [0 0 1 0] face
[360 364 409 147 55 56 331 335 165 194 363 424 116 58 337 195 408 425 59 285 301 192 423 300] [0 1 -1 0] face
[366 370 414 361 365 412 340 344 332 336 369 428 363 426 346 338 413 430 429 290 306 305 427 304] [0 1 0 1] face
[367 371 419 138 14 15 341 345 164 180 369 431 114 17 347 181 420 433 18 296 309 178 432 308] [0 1 1 0] face
[369 428 431 114 10 17 363 426 424 116 51 58 346 347 118 181 338 337 120 195 427 435 29 19 434 60 304 311 121 179 310 193 432 423 308 300] [0 1 0 0] face
[381 383 438 101 104 372 436 103 437] [1 -1 -1 0] face
[384 388 443 387 442 374 440 439 441] [1 -1 0 1] face
[389 391 446 83 86 377 444 85 445] [1 -1 1 0] face
[374 380 440 107 81 72 379 439 99 90 377 444 85 372 436 103 441 448 46 87 447 105 445 437] [1 -1 0 0] face
[353 352 395 385 350 392 382 375 373 398 415 450 410 449 387 442 383 438 379 439 436 452 451 447] [1 -1 -1 1] face
[359 356 400 386 358 403 390 376 378 406 416 453 421 454 388 443 391 446 380 440 444 455 456 448] [1 -1 1 1] face
[396 399 459 398 450 393 457 449 458] [1 0 -1 1] face
[401 407 460 406 453 404 462 454 461] [1 0 1 1] face
[408 425 463 59 61 423 465 62 464] [1 1 -1 0] face
[393 411 457 70 57 48 410 449 102 69 408 463 61 381 438 104 458 466 38 63 451 106 464 437] [1 0 -1 0] face
[362 365 397 412 364 394 409 426 424 399 417 459 411 457 429 467 425 463 434 469 465 468 466 470] [1 1 -1 1] face
[401 418 460 396 417 459 416 453 415 450 413 471 467 384 443 442 461 473 458 468 455 452 472 441] [1 0 0 1] face
[413 430 471 429 467 427 474 469 472] [1 1 0 1] face
[368 370 402 414 371 405 419 428 431 407 418 460 422 462 430 471 433 475 435 474 476 473 477 478] [1 1 1 1] face
[420 433 475 18 20 432 476 21 479] [1 1 1 0] face
[404 422 462 67 16 7 421 454 84 66 420 475 20 389 446 86 461 477 35 22 456 88 479 445] [1 0 1 0] face
[427 435 474 29 19 2 434 469 60 28 432 476 21 423 465 62 472 478 26 23 470 64 479 464] [1 1 0 0] face
[461 473 477 35 5 22 458 468 466 38 32 63 455 456 41 88 452 451 44 106 472 478 26 23 470 64 441 448 46 87 447 105 479 464 445 437] [1 0 0 0] face
]
shape [0.5 0.5 0.5 0.5] translate [0.5 0.5 0.5 0.5] aligncenter "runcitruncated-tesseract" def

