[
[1.5811388300841893 0.4082482904638629 0.5773502691896257 1]
[1.5811388300841893 0.4082482904638629 0.5773502691896257 -1]
[1.5811388300841893 0.4082482904638629 -1.154700538379252 0]
[1.5811388300841893 -1.224744871391589 0 0]
[0 1.632993161855452 0.5773502691896257 1]
[0 1.632993161855452 0.5773502691896257 -1]
[0 1.632993161855452 -1.154700538379252 0]
[0 0 1.7320508075688774 1]
[0 0 1.7320508075688774 -1]
[0 0 0 2]
[0 0 0 -2]
[0 0 -1.7320508075688774 1]
[0 0 -1.7320508075688774 -1]
[0 -1.632993161855452 1.1547005383792515 0]
[0 -1.632993161855452 -0.5773502691896257 1]
[0 -1.632993161855452 -0.5773502691896257 -1]
[-1.5811388300841893 1.2247448713915892 0 0]
[-1.5811388300841893 -0.40824829046386313 1.1547005383792515 0]
[-1.5811388300841893 -0.40824829046386313 -0.5773502691896257 1]
[-1.5811388300841893 -0.40824829046386313 -0.5773502691896257 -1]
][
1 10 edge
10 12 edge
2 12 edge
1 2 edge
3 15 edge
10 15 edge
1 3 edge
12 15 edge
2 3 edge
5 10 edge
1 5 edge
6 12 edge
5 6 edge
2 6 edge
8 10 edge
1 8 edge
13 15 edge
3 13 edge
8 13 edge
5 8 edge
13 14 edge
14 15 edge
3 14 edge
16 19 edge
10 19 edge
5 16 edge
12 19 edge
6 16 edge
8 17 edge
17 19 edge
16 17 edge
13 17 edge
7 17 edge
7 13 edge
14 18 edge
9 18 edge
9 14 edge
17 18 edge
7 9 edge
7 8 edge
11 18 edge
11 14 edge
9 11 edge
18 19 edge
15 19 edge
11 12 edge
16 18 edge
6 11 edge
4 16 edge
4 6 edge
4 5 edge
4 9 edge
4 7 edge
2 11 edge
0 9 edge
0 4 edge
0 7 edge
0 2 edge
0 3 edge
0 1 edge
][
[3 6 0 8 2 4 1 5 7] [2.3237900077244475 -1 -1.4142135623730931 -2.4494897427831748] face
[3 10 0 13 2 12 9 11 1] [1.0954451150103315 1.4142135623730954 -1 -1.7320508075688767] face
[6 15 0 17 4 14 18 5 16] [1.0954451150103328 -1.4142135623730954 1 -1.7320508075688767] face
[10 15 0 19 9 14] [1 1.2909944487358054 1.8257418583505531 -3.162277660168377] face
[17 22 4 20 16 21] [1 -3.872983346207419 0 0] face
[12 9 25 11 27 1 24 26 23] [-1.0954451150103328 1.4142135623730954 -1 -1.7320508075688774] face
[19 9 25 14 28 24 30 23 29] [-2.3237900077244498 1 1.4142135623730947 -2.449489742783178] face
[38 33 32 36 35 20 31 34 37] [-1.0954451150103328 -1.4142135623730963 1 1.7320508075688779] face
[39 33 32 18 28 31] [-1 -1.2909944487358054 3.6514837167011085 0] face
[42 36 35 41 40 34] [-1 -1.2909944487358065 -1.8257418583505531 3.162277660168377] face
[45 41 40 7 26 21 34 44 43] [-1 -1.2909944487358063 -1.8257418583505531 0] face
[20 16 31 21 34 44 37 29 43] [-1 -1.2909944487358056 0 0] face
[30 46 23 37 29 43] [-1 0 0 0] face
[1 5 24 7 26 44] [-1 -1.2909944487358067 -1.8257418583505531 -3.162277660168378] face
[14 18 28 5 24 16 31 44 29] [-1.0954451150103324 -1.4142135623730954 1 -1.7320508075688774] face
[47 11 27 45 40 26 46 23 43] [-2.3237900077244507 1 -2.8284271247461894 0] face
[50 49 48 12 25 27] [-1 3.8729833462074166 0 0] face
[49 51 48 47 27 42 35 40 46] [-1.0954451150103324 1.4142135623730945 -1 1.7320508075688765] face
[52 51 48 38 32 35 30 46 37] [-2.3237900077244507 1 1.4142135623730945 2.449489742783178] face
[50 52 48 19 25 39 32 28 30] [-1 1.2909944487358063 1.8257418583505542 0] face
[13 53 2 47 11 45] [1 1.2909944487358058 -3.6514837167011076 0] face
[8 53 2 22 4 45 41 7 21] [1 -1.2909944487358067 -1.8257418583505542 0] face
[55 56 54 52 51 38] [1 1.2909944487358054 1.8257418583505522 3.1622776601683786] face
[59 57 58 3 6 8] [1 0 0 0] face
[57 58 54 8 53 22 42 36 41] [2.323790007724446 -1 -1.4142135623730938 2.449489742783175] face
[57 55 54 13 53 49 51 47 42] [1.0954451150103315 1.4142135623730945 -1 1.7320508075688767] face
[58 56 54 17 22 38 33 36 20] [1.0954451150103328 -1.4142135623730963 1 1.7320508075688785] face
[59 55 56 10 15 50 52 19 39] [1 1.2909944487358052 1.8257418583505531 0] face
[59 58 56 6 15 17 39 33 18] [2.3237900077244515 -1 2.8284271247461916 0] face
[59 57 55 3 10 13 50 49 12] [1 1.2909944487358054 0 0] face
]
shape [0.5 0.5 0.5 0.5] translate [0.5 0.5 0.5 0.5] aligncenter "runcinated-5cell" def

