[
[0 1 1.6180339887498947 2.6180339887498945]
[0 1 1.6180339887498947 -2.6180339887498945]
[0 1 -1.6180339887498947 2.6180339887498945]
[0 1 -1.6180339887498947 -2.6180339887498945]
[0 -1 1.6180339887498947 2.6180339887498945]
[0 -1 1.6180339887498947 -2.6180339887498945]
[0 -1 -1.6180339887498947 2.6180339887498945]
[0 -1 -1.6180339887498947 -2.6180339887498945]
[0 1.6180339887498947 2.6180339887498945 1]
[0 1.6180339887498947 2.6180339887498945 -1]
[0 1.6180339887498947 -2.6180339887498945 1]
[0 1.6180339887498947 -2.6180339887498945 -1]
[0 -1.6180339887498947 2.6180339887498945 1]
[0 -1.6180339887498947 2.6180339887498945 -1]
[0 -1.6180339887498947 -2.6180339887498945 1]
[0 -1.6180339887498947 -2.6180339887498945 -1]
[0 2.6180339887498945 1 1.6180339887498947]
[0 2.6180339887498945 1 -1.6180339887498947]
[0 2.6180339887498945 -1 1.6180339887498947]
[0 2.6180339887498945 -1 -1.6180339887498947]
[0 -2.6180339887498945 1 1.6180339887498947]
[0 -2.6180339887498945 1 -1.6180339887498947]
[0 -2.6180339887498945 -1 1.6180339887498947]
[0 -2.6180339887498945 -1 -1.6180339887498947]
[1 0 2.6180339887498945 1.6180339887498947]
[1 0 2.6180339887498945 -1.6180339887498947]
[1 0 -2.6180339887498945 1.6180339887498947]
[1 0 -2.6180339887498945 -1.6180339887498947]
[-1 0 2.6180339887498945 1.6180339887498947]
[-1 0 2.6180339887498945 -1.6180339887498947]
[-1 0 -2.6180339887498945 1.6180339887498947]
[-1 0 -2.6180339887498945 -1.6180339887498947]
[1 1.6180339887498947 0 2.6180339887498945]
[1 1.6180339887498947 0 -2.6180339887498945]
[1 -1.6180339887498947 0 2.6180339887498945]
[1 -1.6180339887498947 0 -2.6180339887498945]
[-1 1.6180339887498947 0 2.6180339887498945]
[-1 1.6180339887498947 0 -2.6180339887498945]
[-1 -1.6180339887498947 0 2.6180339887498945]
[-1 -1.6180339887498947 0 -2.6180339887498945]
[1 2.6180339887498945 1.6180339887498947 0]
[1 2.6180339887498945 -1.6180339887498947 0]
[1 -2.6180339887498945 1.6180339887498947 0]
[1 -2.6180339887498945 -1.6180339887498947 0]
[-1 2.6180339887498945 1.6180339887498947 0]
[-1 2.6180339887498945 -1.6180339887498947 0]
[-1 -2.6180339887498945 1.6180339887498947 0]
[-1 -2.6180339887498945 -1.6180339887498947 0]
[1.6180339887498947 0 1 2.6180339887498945]
[1.6180339887498947 0 1 -2.6180339887498945]
[1.6180339887498947 0 -1 2.6180339887498945]
[1.6180339887498947 0 -1 -2.6180339887498945]
[-1.6180339887498947 0 1 2.6180339887498945]
[-1.6180339887498947 0 1 -2.6180339887498945]
[-1.6180339887498947 0 -1 2.6180339887498945]
[-1.6180339887498947 0 -1 -2.6180339887498945]
[1.6180339887498947 1 2.6180339887498945 0]
[1.6180339887498947 1 -2.6180339887498945 0]
[1.6180339887498947 -1 2.6180339887498945 0]
[1.6180339887498947 -1 -2.6180339887498945 0]
[-1.6180339887498947 1 2.6180339887498945 0]
[-1.6180339887498947 1 -2.6180339887498945 0]
[-1.6180339887498947 -1 2.6180339887498945 0]
[-1.6180339887498947 -1 -2.6180339887498945 0]
[1.6180339887498947 2.6180339887498945 0 1]
[1.6180339887498947 2.6180339887498945 0 -1]
[1.6180339887498947 -2.6180339887498945 0 1]
[1.6180339887498947 -2.6180339887498945 0 -1]
[-1.6180339887498947 2.6180339887498945 0 1]
[-1.6180339887498947 2.6180339887498945 0 -1]
[-1.6180339887498947 -2.6180339887498945 0 1]
[-1.6180339887498947 -2.6180339887498945 0 -1]
[2.6180339887498945 0 1.6180339887498947 1]
[2.6180339887498945 0 1.6180339887498947 -1]
[2.6180339887498945 0 -1.6180339887498947 1]
[2.6180339887498945 0 -1.6180339887498947 -1]
[-2.6180339887498945 0 1.6180339887498947 1]
[-2.6180339887498945 0 1.6180339887498947 -1]
[-2.6180339887498945 0 -1.6180339887498947 1]
[-2.6180339887498945 0 -1.6180339887498947 -1]
[2.6180339887498945 1 0 1.6180339887498947]
[2.6180339887498945 1 0 -1.6180339887498947]
[2.6180339887498945 -1 0 1.6180339887498947]
[2.6180339887498945 -1 0 -1.6180339887498947]
[-2.6180339887498945 1 0 1.6180339887498947]
[-2.6180339887498945 1 0 -1.6180339887498947]
[-2.6180339887498945 -1 0 1.6180339887498947]
[-2.6180339887498945 -1 0 -1.6180339887498947]
[2.6180339887498945 1.6180339887498947 1 0]
[2.6180339887498945 1.6180339887498947 -1 0]
[2.6180339887498945 -1.6180339887498947 1 0]
[2.6180339887498945 -1.6180339887498947 -1 0]
[-2.6180339887498945 1.6180339887498947 1 0]
[-2.6180339887498945 1.6180339887498947 -1 0]
[-2.6180339887498945 -1.6180339887498947 1 0]
[-2.6180339887498945 -1.6180339887498947 -1 0]
][
57 89 edge
41 89 edge
41 57 edge
57 74 edge
74 89 edge
41 64 edge
64 89 edge
10 57 edge
10 26 edge
26 57 edge
10 41 edge
10 18 edge
18 41 edge
2 10 edge
2 18 edge
2 26 edge
18 32 edge
2 32 edge
2 50 edge
26 50 edge
32 50 edge
18 64 edge
32 64 edge
26 74 edge
50 74 edge
50 80 edge
32 80 edge
74 80 edge
64 80 edge
80 89 edge
57 75 edge
75 89 edge
41 65 edge
65 89 edge
51 81 edge
51 75 edge
75 81 edge
33 51 edge
33 81 edge
27 75 edge
27 51 edge
27 57 edge
19 33 edge
19 65 edge
33 65 edge
11 57 edge
11 27 edge
11 41 edge
3 51 edge
3 33 edge
3 27 edge
11 19 edge
19 41 edge
3 19 edge
3 11 edge
65 81 edge
81 89 edge
74 75 edge
64 65 edge
81 83 edge
49 81 edge
49 83 edge
49 73 edge
73 83 edge
73 81 edge
51 83 edge
75 83 edge
49 51 edge
33 49 edge
25 58 edge
58 73 edge
25 73 edge
67 83 edge
35 83 edge
35 67 edge
67 90 edge
83 90 edge
35 49 edge
5 49 edge
5 35 edge
5 25 edge
25 49 edge
21 35 edge
21 67 edge
5 13 edge
13 25 edge
5 21 edge
13 21 edge
13 42 edge
21 42 edge
42 67 edge
13 58 edge
42 58 edge
42 90 edge
58 90 edge
73 90 edge
56 58 edge
25 56 edge
56 73 edge
27 59 edge
59 75 edge
67 91 edge
83 91 edge
35 51 edge
43 67 edge
43 91 edge
15 59 edge
15 27 edge
7 51 edge
7 35 edge
7 27 edge
15 43 edge
43 59 edge
23 35 edge
23 67 edge
7 15 edge
7 23 edge
15 23 edge
23 43 edge
59 91 edge
75 91 edge
57 59 edge
90 91 edge
66 67 edge
43 66 edge
66 91 edge
17 33 edge
17 19 edge
17 65 edge
10 11 edge
14 15 edge
14 59 edge
27 31 edge
11 31 edge
15 31 edge
31 61 edge
11 61 edge
31 63 edge
15 63 edge
61 63 edge
30 63 edge
30 61 edge
14 63 edge
14 30 edge
10 61 edge
10 30 edge
26 30 edge
14 26 edge
26 59 edge
1 5 edge
1 49 edge
3 7 edge
33 37 edge
1 37 edge
1 33 edge
3 37 edge
35 39 edge
5 39 edge
7 39 edge
1 53 edge
37 53 edge
3 55 edge
37 55 edge
5 53 edge
7 55 edge
39 53 edge
39 55 edge
53 55 edge
1 25 edge
14 43 edge
21 23 edge
41 45 edge
10 45 edge
18 45 edge
11 45 edge
19 45 edge
17 37 edge
1 17 edge
19 37 edge
25 29 edge
1 29 edge
9 29 edge
1 9 edge
9 25 edge
5 29 edge
13 29 edge
3 31 edge
7 31 edge
21 39 edge
23 39 edge
43 47 edge
14 47 edge
22 47 edge
14 22 edge
22 43 edge
15 47 edge
23 47 edge
37 69 edge
17 69 edge
37 85 edge
69 85 edge
29 53 edge
29 77 edge
53 77 edge
53 85 edge
60 77 edge
29 60 edge
85 92 edge
69 92 edge
77 85 edge
77 92 edge
60 92 edge
44 92 edge
44 69 edge
44 60 edge
9 44 edge
9 60 edge
17 44 edge
9 17 edge
19 69 edge
31 55 edge
31 79 edge
55 79 edge
69 93 edge
45 93 edge
45 69 edge
55 85 edge
61 79 edge
85 93 edge
79 93 edge
61 93 edge
79 85 edge
45 61 edge
39 71 edge
39 87 edge
71 87 edge
21 71 edge
62 77 edge
29 62 edge
53 87 edge
77 87 edge
87 94 edge
77 94 edge
71 94 edge
62 94 edge
46 94 edge
46 71 edge
46 62 edge
13 46 edge
13 62 edge
21 46 edge
23 71 edge
63 79 edge
55 87 edge
71 95 edge
47 95 edge
47 71 edge
79 87 edge
79 95 edge
63 95 edge
87 95 edge
47 63 edge
68 93 edge
68 69 edge
45 68 edge
60 62 edge
70 95 edge
70 71 edge
47 70 edge
92 93 edge
78 79 edge
61 78 edge
63 78 edge
78 93 edge
85 87 edge
78 95 edge
94 95 edge
86 95 edge
86 94 edge
76 77 edge
76 94 edge
84 86 edge
78 86 edge
78 84 edge
76 86 edge
76 84 edge
76 92 edge
84 93 edge
84 92 edge
70 94 edge
70 86 edge
62 76 edge
54 86 edge
54 84 edge
54 78 edge
52 86 edge
52 84 edge
52 76 edge
52 54 edge
60 76 edge
68 92 edge
68 84 edge
46 70 edge
38 86 edge
38 54 edge
38 52 edge
30 78 edge
28 76 edge
28 62 edge
28 60 edge
36 84 edge
36 54 edge
36 52 edge
44 68 edge
38 70 edge
22 38 edge
22 70 edge
20 38 edge
20 70 edge
20 22 edge
12 46 edge
12 62 edge
12 13 edge
30 54 edge
6 30 edge
6 54 edge
6 38 edge
6 22 edge
6 14 edge
28 52 edge
4 28 edge
4 52 edge
20 46 edge
12 20 edge
4 38 edge
4 20 edge
12 28 edge
4 12 edge
2 30 edge
2 54 edge
2 6 edge
0 28 edge
0 52 edge
0 4 edge
8 44 edge
8 60 edge
8 9 edge
36 68 edge
18 36 edge
18 68 edge
2 36 edge
16 36 edge
16 68 edge
16 18 edge
8 28 edge
0 8 edge
0 36 edge
0 16 edge
16 44 edge
8 16 edge
42 46 edge
12 42 edge
20 42 edge
34 38 edge
22 34 edge
20 34 edge
6 34 edge
4 34 edge
6 26 edge
24 28 edge
4 24 edge
12 24 edge
0 24 edge
8 24 edge
32 36 edge
16 32 edge
0 32 edge
40 44 edge
9 40 edge
8 40 edge
17 40 edge
16 40 edge
22 66 edge
20 66 edge
34 66 edge
42 66 edge
12 58 edge
6 50 edge
4 48 edge
0 48 edge
24 48 edge
34 50 edge
34 48 edge
48 50 edge
32 48 edge
8 56 edge
9 56 edge
40 56 edge
24 58 edge
24 56 edge
16 64 edge
40 64 edge
40 65 edge
66 90 edge
34 82 edge
50 82 edge
48 82 edge
66 82 edge
82 91 edge
82 90 edge
59 74 edge
74 91 edge
74 82 edge
58 72 edge
56 72 edge
24 72 edge
72 73 edge
72 90 edge
48 72 edge
72 82 edge
48 80 edge
80 82 edge
72 80 edge
65 88 edge
64 88 edge
40 88 edge
56 88 edge
72 88 edge
73 88 edge
88 89 edge
81 88 edge
80 88 edge
][
[13 14 15 17 18 11 8 10 7 16 12 21 19 9 23 20 22 26 2 5 1 24 25 3 0 28 6 27 4 29] [1 1 -1 1] face
[54 53 50 49 48 51 46 47 45 42 52 43 40 41 39 37 44 38 2 32 1 35 34 30 0 55 33 36 31 56] [1 1 -1 -1] face
[3 30 0 57 4 31] [3.618033988749896 1 -2.618033988749896 0] face
[5 32 1 58 6 33] [2.618033988749892 3.618033988749893 -1 0] face
[62 60 61 64 63 59] [3.618033988749898 0 1 -2.6180339887498985] face
[35 34 65 36 66 59] [3.6180339887498945 0 -1 -2.618033988749897] face
[67 60 61 34 65 59] [1 0 0 -1] face
[68 37 38 67 60 34] [2.618033988749893 1 0 -3.6180339887499] face
[84 86 80 79 78 87 85 88 91 82 89 83 81 69 71 77 74 73 92 90 93 62 61 70 94 72 75 63 95 76] [1 -1 1 -1] face
[97 69 71 96 98 70] [2.6180339887498945 0 3.618033988749898 -1] face
[115 116 110 109 108 117 107 111 106 113 118 114 40 99 39 103 74 73 112 104 105 35 65 100 119 72 101 66 120 102] [1 -1 -1 -1] face
[41 99 39 121 30 100] [2.618033988749894 0 -3.6180339887498945 -1] face
[72 75 101 76 102 122] [3.618033988749897 -2.618033988749893 0 -1] face
[77 103 73 67 61 65] [2.6180339887498945 -1 0 -3.6180339887499] face
[124 104 105 123 125 101] [2.618033988749894 -3.6180339887498882 -1 0] face
[127 126 128 42 43 44] [1 3.6180339887498896 0 -2.61803398874989] face
[129 8 145 7 144 46 133 45 136 130 147 143 131 142 107 134 106 138 146 9 148 132 41 99 141 140 135 137 121 139] [0 0 -1 0] face
[129 10 7 47 45 2] [1 2.6180339887498927 -3.6180339887498913 0] face
[149 154 153 150 159 151 49 155 48 161 79 157 78 163 109 158 108 164 152 68 37 156 77 103 160 162 165 166 67 167] [0 0 0 -1] face
[149 168 150 80 78 81] [1 0 2.618033988749896 -3.618033988749897] face
[151 50 48 110 108 40] [1 0 -2.618033988749897 -3.618033988749898] face
[130 169 131 111 106 112] [1 -2.618033988749896 -3.618033988749897 0] face
[170 82 83 113 114 74] [1 -3.618033988749893 0 -2.6180339887498945] face
[11 10 172 12 173 171] [0 3.6180339887499056 -2.6180339887499016 1] face
[51 47 174 52 175 171] [0 3.6180339887498953 -2.618033988749894 -1] face
[129 10 172 47 174 171] [0 1 -1 0] face
[177 154 153 126 176 152] [0 2.618033988749892 1 -3.618033988749893] face
[127 126 176 42 178 152] [0 1 0 -1] face
[53 49 155 42 178 152] [0 2.618033988749892 -1 -3.6180339887498945] face
[182 168 180 183 181 179] [0 1 3.6180339887498847 -2.618033988749886] face
[149 168 180 80 184 179] [0 0 1 -1] face
[84 80 184 85 185 179] [0 -1 3.6180339887498953 -2.6180339887498927] face
[54 50 186 46 133 132] [0 1 -3.6180339887498905 -2.6180339887498913] face
[151 50 186 110 187 132] [0 0 -1 -1] face
[115 110 187 107 134 132] [0 -1 -3.6180339887498945 -2.6180339887498927] face
[86 79 157 82 188 156] [0 -2.6180339887499002 1 -3.618033988749901] face
[116 109 158 113 189 156] [0 -2.618033988749897 -1 -3.618033988749896] face
[170 82 188 113 189 156] [0 -1 0 -1] face
[193 169 191 194 192 190] [0 -3.618033988749904 -2.6180339887499 1] face
[130 169 191 111 195 190] [0 -1 -1 0] face
[117 111 195 118 196 190] [0 -3.618033988749898 -2.618033988749897 -1] face
[182 177 180 153 159 218 181 215 216 176 217 198 201 206 202 160 197 199 214 213 212 203 204 205 211 200 208 209 210 207] [-1 1 1 -1] face
[127 176 198 178 219 197] [-1 3.6180339887498896 0 -2.618033988749892] face
[54 53 186 155 161 51 133 174 136 178 175 219 220 135 221 162 197 199 232 225 224 222 226 227 230 200 223 231 229 228] [-1 1 -1 -1] face
[149 180 159 184 163 201] [-1 0 2.6180339887498985 -3.618033988749901] face
[151 186 161 187 164 220] [-1 0 -2.618033988749897 -3.618033988749898] face
[84 86 184 157 163 87 185 248 249 188 250 236 201 238 202 165 233 234 247 246 245 203 239 237 244 235 243 240 242 241] [-1 -1 1 -1] face
[115 116 187 158 164 117 134 195 138 189 196 251 220 137 221 166 233 234 261 256 255 222 253 252 259 235 254 257 258 260] [-1 -1 -1 -1] face
[170 188 236 189 251 233] [-1 -3.618033988749893 0 -2.618033988749892] face
[264 225 224 263 262 223] [-2.618033988749897 3.618033988749897 -1 0] face
[160 162 199 167 204 226] [-2.618033988749892 1 0 -3.618033988749893] face
[206 238 202 265 205 237] [-2.618033988749896 0 3.6180339887498953 -1] face
[135 137 221 139 227 252] [-2.618033988749896 0 -3.6180339887498945 -1] face
[165 166 234 167 239 253] [-2.618033988749894 -1 0 -3.618033988749893] face
[268 256 255 267 266 254] [-2.6180339887498945 -3.6180339887498945 -1 0] face
[200 208 223 207 228 269] [-3.6180339887498945 2.618033988749894 0 -1] face
[139 271 227 272 252 270] [-1 0 -1 0] face
[271 227 230 270 273 229] [-3.618033988749898 1 -2.6180339887498945 0] face
[167 204 239 226 253 274] [-1 0 0 -1] face
[203 204 239 209 240 274] [-3.618033988749897 0 1 -2.6180339887498945] face
[222 226 253 231 257 274] [-3.618033988749896 0 -1 -2.618033988749896] face
[272 252 259 270 275 258] [-3.618033988749893 -1 -2.618033988749893 0] face
[279 285 284 286 280 209 240 210 242 270 283 282 273 275 231 257 229 258 281 288 287 274 207 228 278 277 241 260 269 276] [-1 0 0 0] face
[235 243 254 241 260 276] [-3.6180339887498953 -2.618033988749896 0 -1] face
[290 289 266 278 277 276] [-3.618033988749893 -2.6180339887498927 0 1] face
[267 289 266 243 254 276] [-1 -1 0 0] face
[291 237 244 279 280 242] [-3.618033988749893 -1 2.618033988749893 0] face
[294 293 292 283 282 281] [-3.618033988749904 0 -1 2.618033988749896] face
[297 296 295 285 284 281] [-3.618033988749902 0 1 2.618033988749896] face
[298 296 295 293 292 281] [-1 0 0 1] face
[299 205 211 279 286 210] [-3.618033988749898 1 2.6180339887498945 0] face
[265 299 205 291 237 279] [-1 0 1 0] face
[301 300 262 288 287 269] [-3.6180339887498913 2.6180339887498927 0 1] face
[263 300 262 208 223 269] [-1 1 0 0] face
[302 246 245 267 289 243] [-2.6180339887498945 -3.6180339887498945 1 0] face
[305 304 303 298 295 292] [-2.618033988749894 -1 0 3.6180339887498816] face
[141 140 306 139 271 272] [-2.618033988749893 0 -3.6180339887498896 1] face
[309 308 307 265 299 291] [-2.618033988749893 0 3.6180339887498896 1] face
[312 311 310 298 296 293] [-2.618033988749897 1 0 3.6180339887498945] face
[313 213 212 263 300 208] [-2.618033988749897 3.618033988749898 1 0] face
[319 317 318 315 316 314] [-1 -3.6180339887498953 0 2.618033988749893] face
[130 191 142 195 138 261] [-1 -2.618033988749904 -3.6180339887499064 0] face
[322 320 321 248 249 247] [-1 -2.618033988749904 3.6180339887499056 0] face
[328 327 324 326 325 193 143 191 142 315 192 316 323 140 306 304 314 303 261 268 255 294 292 272 259 290 266 282 275 277] [-1 -1 -1 1] face
[337 335 330 334 331 333 336 320 321 317 332 318 329 308 307 305 314 303 247 302 245 297 295 291 244 290 289 284 280 278] [-1 -1 1 1] face
[340 338 339 324 325 323] [-1 0 -2.618033988749892 3.618033988749898] face
[343 341 342 330 331 329] [-1 0 2.6180339887498945 3.618033988749904] face
[129 172 144 174 136 232] [-1 2.6180339887499 -3.6180339887499056 0] face
[346 344 345 215 216 214] [-1 2.618033988749901 3.6180339887499064 0] face
[13 14 338 350 339 11 145 172 144 348 173 349 323 141 306 311 347 310 232 264 224 294 293 271 230 301 262 283 273 287] [-1 1 -1 1] face
[353 351 352 348 349 347] [-1 3.618033988749904 0 2.6180339887499002] face
[355 357 341 356 342 359 354 344 345 351 358 352 329 309 307 312 347 310 214 313 212 297 296 299 211 301 300 285 286 288] [-1 1 1 1] face
[87 88 248 89 250 360] [0 -3.618033988749896 2.6180339887498945 -1] face
[322 361 320 88 248 360] [0 -1 1 0] face
[333 361 320 362 332 360] [0 -3.618033988749902 2.618033988749898 1] face
[319 365 317 364 315 363] [0 -1 0 1] face
[327 366 326 364 315 363] [0 -2.6180339887499002 -1 3.618033988749905] face
[335 367 334 365 317 363] [0 -2.618033988749894 1 3.618033988749896] face
[328 368 324 147 143 146] [0 -1 -3.618033988749912 2.6180339887499056] face
[340 15 338 368 324 146] [0 0 -1 1] face
[13 15 338 8 145 146] [0 1 -3.618033988749901 2.618033988749897] face
[337 370 330 371 336 369] [0 -1 3.6180339887499104 2.618033988749905] face
[343 372 341 370 330 369] [0 0 1 1] face
[355 372 341 373 354 369] [0 1 3.6180339887499 2.618033988749896] face
[14 17 350 16 348 374] [0 2.618033988749904 -1 3.6180339887499104] face
[353 375 351 16 348 374] [0 1 0 1] face
[357 376 356 375 351 374] [0 2.6180339887499002 1 3.618033988749905] face
[346 379 344 378 215 377] [0 1 1 0] face
[218 378 215 380 217 377] [0 3.6180339887498887 2.618033988749892 -1] face
[359 379 344 381 358 377] [0 3.6180339887499144 2.618033988749909 1] face
[319 365 383 364 382 384] [1 -3.618033988749896 0 2.618033988749896] face
[319 362 332 383 318 170 89 250 83 236 194 192 382 316 118 196 114 251 360 385 90 190 124 104 302 246 268 256 123 267] [0 -1 0 0] face
[322 361 386 88 91 92] [1 -2.618033988749897 3.618033988749898 0] face
[340 15 18 368 387 19] [1 0 -2.618033988749885 3.6180339887498807] face
[343 372 389 370 388 390] [1 0 2.6180339887498896 3.6180339887498874] face
[343 376 356 389 342 340 17 350 18 339 367 334 388 331 366 326 387 325 374 394 20 363 392 391 312 311 305 304 393 298] [0 0 0 1] face
[346 379 395 378 396 397] [1 2.618033988749897 3.618033988749897 0] face
[346 373 354 395 345 183 181 396 216 322 371 336 386 321 85 185 91 249 369 399 398 179 97 69 309 308 206 238 96 265] [0 0 1 0] face
[353 375 400 16 21 22] [1 3.618033988749893 0 2.6180339887498927] face
[353 381 358 400 352 127 380 217 128 198 12 173 21 349 52 175 43 219 377 401 402 171 5 32 313 213 264 225 58 263] [0 1 0 0] face
[385 90 93 123 403 75] [2.6180339887498945 -3.6180339887498887 1 0] face
[123 403 125 75 101 122] [1 -1 0 0] face
[392 391 404 393 406 405] [2.6180339887498927 -1 0 3.6180339887498945] face
[407 403 125 409 408 122] [3.618033988749902 -2.618033988749898 0 1] face
[9 148 23 121 3 410] [2.618033988749896 0 -3.618033988749896 1] face
[121 3 30 410 100 57] [1 0 -1 0] face
[410 100 119 57 411 120] [3.6180339887498905 -1 -2.61803398874989 0] face
[328 327 368 366 387 193 147 169 131 364 194 382 19 148 23 391 384 404 112 124 105 24 405 410 119 407 125 412 411 408] [1 -1 -1 1] face
[399 398 415 96 414 413] [2.618033988749898 0 3.618033988749901 1] face
[96 414 98 413 70 416] [1 0 1 0] face
[413 70 94 416 417 95] [3.6180339887498874 -1 2.6180339887498874 0] face
[337 335 370 367 388 333 371 361 386 365 362 383 390 398 415 392 384 404 92 385 93 418 406 413 94 407 403 419 417 409] [1 -1 1 1] face
[394 20 26 393 420 25] [2.618033988749892 1 0 3.6180339887498896] face
[393 420 406 25 405 421] [1 0 0 1] face
[24 25 405 27 412 421] [3.6180339887498913 0 -1 2.618033988749892] face
[418 420 406 422 419 421] [3.6180339887498913 0 1 2.618033988749892] face
[401 402 425 58 424 423] [2.618033988749896 3.618033988749897 1 0] face
[414 98 426 416 427 428] [3.618033988749898 1 2.6180339887498985 0] face
[58 424 6 423 33 429] [1 1 0 0] face
[55 423 33 430 56 429] [3.6180339887498896 2.6180339887498896 0 -1] face
[28 424 6 431 29 429] [3.6180339887498887 2.618033988749885 0 1] face
[355 357 372 376 389 359 373 379 395 375 381 400 390 399 415 394 22 26 397 401 425 418 420 414 426 28 424 422 427 431] [1 1 1 1] face
[182 177 168 154 150 218 183 378 396 126 380 128 81 97 71 68 44 38 397 402 425 62 60 98 426 55 423 64 428 430] [1 1 1 -1] face
[416 422 419 427 417 64 63 428 95 57 27 412 4 411 36 66 31 120 421 431 29 59 430 56 409 408 76 102 429 122] [1 0 0 0] face
]
shape [0.5 0.5 0.5 0.5] translate [0.5 0.5 0.5 0.5] aligncenter "snub-24cell" def

