[
[0 1.4142135623730954 2.8284271247461907 4.242640687119286]
[0 1.4142135623730954 2.8284271247461907 -4.242640687119286]
[0 1.4142135623730954 -2.8284271247461907 4.242640687119286]
[0 1.4142135623730954 -2.8284271247461907 -4.242640687119286]
[0 -1.4142135623730954 2.8284271247461907 4.242640687119286]
[0 -1.4142135623730954 2.8284271247461907 -4.242640687119286]
[0 -1.4142135623730954 -2.8284271247461907 4.242640687119286]
[0 -1.4142135623730954 -2.8284271247461907 -4.242640687119286]
[0 1.4142135623730954 4.242640687119286 2.8284271247461907]
[0 1.4142135623730954 4.242640687119286 -2.8284271247461907]
[0 1.4142135623730954 -4.242640687119286 2.8284271247461907]
[0 1.4142135623730954 -4.242640687119286 -2.8284271247461907]
[0 -1.4142135623730954 4.242640687119286 2.8284271247461907]
[0 -1.4142135623730954 4.242640687119286 -2.8284271247461907]
[0 -1.4142135623730954 -4.242640687119286 2.8284271247461907]
[0 -1.4142135623730954 -4.242640687119286 -2.8284271247461907]
[0 2.8284271247461907 1.4142135623730954 4.242640687119286]
[0 2.8284271247461907 1.4142135623730954 -4.242640687119286]
[0 2.8284271247461907 -1.4142135623730954 4.242640687119286]
[0 2.8284271247461907 -1.4142135623730954 -4.242640687119286]
[0 -2.8284271247461907 1.4142135623730954 4.242640687119286]
[0 -2.8284271247461907 1.4142135623730954 -4.242640687119286]
[0 -2.8284271247461907 -1.4142135623730954 4.242640687119286]
[0 -2.8284271247461907 -1.4142135623730954 -4.242640687119286]
[0 2.8284271247461907 4.242640687119286 1.4142135623730954]
[0 2.8284271247461907 4.242640687119286 -1.4142135623730954]
[0 2.8284271247461907 -4.242640687119286 1.4142135623730954]
[0 2.8284271247461907 -4.242640687119286 -1.4142135623730954]
[0 -2.8284271247461907 4.242640687119286 1.4142135623730954]
[0 -2.8284271247461907 4.242640687119286 -1.4142135623730954]
[0 -2.8284271247461907 -4.242640687119286 1.4142135623730954]
[0 -2.8284271247461907 -4.242640687119286 -1.4142135623730954]
[0 4.242640687119286 1.4142135623730954 2.8284271247461907]
[0 4.242640687119286 1.4142135623730954 -2.8284271247461907]
[0 4.242640687119286 -1.4142135623730954 2.8284271247461907]
[0 4.242640687119286 -1.4142135623730954 -2.8284271247461907]
[0 -4.242640687119286 1.4142135623730954 2.8284271247461907]
[0 -4.242640687119286 1.4142135623730954 -2.8284271247461907]
[0 -4.242640687119286 -1.4142135623730954 2.8284271247461907]
[0 -4.242640687119286 -1.4142135623730954 -2.8284271247461907]
[0 4.242640687119286 2.8284271247461907 1.4142135623730954]
[0 4.242640687119286 2.8284271247461907 -1.4142135623730954]
[0 4.242640687119286 -2.8284271247461907 1.4142135623730954]
[0 4.242640687119286 -2.8284271247461907 -1.4142135623730954]
[0 -4.242640687119286 2.8284271247461907 1.4142135623730954]
[0 -4.242640687119286 2.8284271247461907 -1.4142135623730954]
[0 -4.242640687119286 -2.8284271247461907 1.4142135623730954]
[0 -4.242640687119286 -2.8284271247461907 -1.4142135623730954]
[1.4142135623730954 0 2.8284271247461907 4.242640687119286]
[1.4142135623730954 0 2.8284271247461907 -4.242640687119286]
[1.4142135623730954 0 -2.8284271247461907 4.242640687119286]
[1.4142135623730954 0 -2.8284271247461907 -4.242640687119286]
[-1.4142135623730954 0 2.8284271247461907 4.242640687119286]
[-1.4142135623730954 0 2.8284271247461907 -4.242640687119286]
[-1.4142135623730954 0 -2.8284271247461907 4.242640687119286]
[-1.4142135623730954 0 -2.8284271247461907 -4.242640687119286]
[1.4142135623730954 0 4.242640687119286 2.8284271247461907]
[1.4142135623730954 0 4.242640687119286 -2.8284271247461907]
[1.4142135623730954 0 -4.242640687119286 2.8284271247461907]
[1.4142135623730954 0 -4.242640687119286 -2.8284271247461907]
[-1.4142135623730954 0 4.242640687119286 2.8284271247461907]
[-1.4142135623730954 0 4.242640687119286 -2.8284271247461907]
[-1.4142135623730954 0 -4.242640687119286 2.8284271247461907]
[-1.4142135623730954 0 -4.242640687119286 -2.8284271247461907]
[1.4142135623730954 2.8284271247461907 0 4.242640687119286]
[1.4142135623730954 2.8284271247461907 0 -4.242640687119286]
[1.4142135623730954 -2.8284271247461907 0 4.242640687119286]
[1.4142135623730954 -2.8284271247461907 0 -4.242640687119286]
[-1.4142135623730954 2.8284271247461907 0 4.242640687119286]
[-1.4142135623730954 2.8284271247461907 0 -4.242640687119286]
[-1.4142135623730954 -2.8284271247461907 0 4.242640687119286]
[-1.4142135623730954 -2.8284271247461907 0 -4.242640687119286]
[1.4142135623730954 2.8284271247461907 4.242640687119286 0]
[1.4142135623730954 2.8284271247461907 -4.242640687119286 0]
[1.4142135623730954 -2.8284271247461907 4.242640687119286 0]
[1.4142135623730954 -2.8284271247461907 -4.242640687119286 0]
[-1.4142135623730954 2.8284271247461907 4.242640687119286 0]
[-1.4142135623730954 2.8284271247461907 -4.242640687119286 0]
[-1.4142135623730954 -2.8284271247461907 4.242640687119286 0]
[-1.4142135623730954 -2.8284271247461907 -4.242640687119286 0]
[1.4142135623730954 4.242640687119286 0 2.8284271247461907]
[1.4142135623730954 4.242640687119286 0 -2.8284271247461907]
[1.4142135623730954 -4.242640687119286 0 2.8284271247461907]
[1.4142135623730954 -4.242640687119286 0 -2.8284271247461907]
[-1.4142135623730954 4.242640687119286 0 2.8284271247461907]
[-1.4142135623730954 4.242640687119286 0 -2.8284271247461907]
[-1.4142135623730954 -4.242640687119286 0 2.8284271247461907]
[-1.4142135623730954 -4.242640687119286 0 -2.8284271247461907]
[1.4142135623730954 4.242640687119286 2.8284271247461907 0]
[1.4142135623730954 4.242640687119286 -2.8284271247461907 0]
[1.4142135623730954 -4.242640687119286 2.8284271247461907 0]
[1.4142135623730954 -4.242640687119286 -2.8284271247461907 0]
[-1.4142135623730954 4.242640687119286 2.8284271247461907 0]
[-1.4142135623730954 4.242640687119286 -2.8284271247461907 0]
[-1.4142135623730954 -4.242640687119286 2.8284271247461907 0]
[-1.4142135623730954 -4.242640687119286 -2.8284271247461907 0]
[2.8284271247461907 0 1.4142135623730954 4.242640687119286]
[2.8284271247461907 0 1.4142135623730954 -4.242640687119286]
[2.8284271247461907 0 -1.4142135623730954 4.242640687119286]
[2.8284271247461907 0 -1.4142135623730954 -4.242640687119286]
[-2.8284271247461907 0 1.4142135623730954 4.242640687119286]
[-2.8284271247461907 0 1.4142135623730954 -4.242640687119286]
[-2.8284271247461907 0 -1.4142135623730954 4.242640687119286]
[-2.8284271247461907 0 -1.4142135623730954 -4.242640687119286]
[2.8284271247461907 0 4.242640687119286 1.4142135623730954]
[2.8284271247461907 0 4.242640687119286 -1.4142135623730954]
[2.8284271247461907 0 -4.242640687119286 1.4142135623730954]
[2.8284271247461907 0 -4.242640687119286 -1.4142135623730954]
[-2.8284271247461907 0 4.242640687119286 1.4142135623730954]
[-2.8284271247461907 0 4.242640687119286 -1.4142135623730954]
[-2.8284271247461907 0 -4.242640687119286 1.4142135623730954]
[-2.8284271247461907 0 -4.242640687119286 -1.4142135623730954]
[2.8284271247461907 1.4142135623730954 0 4.242640687119286]
[2.8284271247461907 1.4142135623730954 0 -4.242640687119286]
[2.8284271247461907 -1.4142135623730954 0 4.242640687119286]
[2.8284271247461907 -1.4142135623730954 0 -4.242640687119286]
[-2.8284271247461907 1.4142135623730954 0 4.242640687119286]
[-2.8284271247461907 1.4142135623730954 0 -4.242640687119286]
[-2.8284271247461907 -1.4142135623730954 0 4.242640687119286]
[-2.8284271247461907 -1.4142135623730954 0 -4.242640687119286]
[2.8284271247461907 1.4142135623730954 4.242640687119286 0]
[2.8284271247461907 1.4142135623730954 -4.242640687119286 0]
[2.8284271247461907 -1.4142135623730954 4.242640687119286 0]
[2.8284271247461907 -1.4142135623730954 -4.242640687119286 0]
[-2.8284271247461907 1.4142135623730954 4.242640687119286 0]
[-2.8284271247461907 1.4142135623730954 -4.242640687119286 0]
[-2.8284271247461907 -1.4142135623730954 4.242640687119286 0]
[-2.8284271247461907 -1.4142135623730954 -4.242640687119286 0]
[2.8284271247461907 4.242640687119286 0 1.4142135623730954]
[2.8284271247461907 4.242640687119286 0 -1.4142135623730954]
[2.8284271247461907 -4.242640687119286 0 1.4142135623730954]
[2.8284271247461907 -4.242640687119286 0 -1.4142135623730954]
[-2.8284271247461907 4.242640687119286 0 1.4142135623730954]
[-2.8284271247461907 4.242640687119286 0 -1.4142135623730954]
[-2.8284271247461907 -4.242640687119286 0 1.4142135623730954]
[-2.8284271247461907 -4.242640687119286 0 -1.4142135623730954]
[2.8284271247461907 4.242640687119286 1.4142135623730954 0]
[2.8284271247461907 4.242640687119286 -1.4142135623730954 0]
[2.8284271247461907 -4.242640687119286 1.4142135623730954 0]
[2.8284271247461907 -4.242640687119286 -1.4142135623730954 0]
[-2.8284271247461907 4.242640687119286 1.4142135623730954 0]
[-2.8284271247461907 4.242640687119286 -1.4142135623730954 0]
[-2.8284271247461907 -4.242640687119286 1.4142135623730954 0]
[-2.8284271247461907 -4.242640687119286 -1.4142135623730954 0]
[4.242640687119286 0 1.4142135623730954 2.8284271247461907]
[4.242640687119286 0 1.4142135623730954 -2.8284271247461907]
[4.242640687119286 0 -1.4142135623730954 2.8284271247461907]
[4.242640687119286 0 -1.4142135623730954 -2.8284271247461907]
[-4.242640687119286 0 1.4142135623730954 2.8284271247461907]
[-4.242640687119286 0 1.4142135623730954 -2.8284271247461907]
[-4.242640687119286 0 -1.4142135623730954 2.8284271247461907]
[-4.242640687119286 0 -1.4142135623730954 -2.8284271247461907]
[4.242640687119286 0 2.8284271247461907 1.4142135623730954]
[4.242640687119286 0 2.8284271247461907 -1.4142135623730954]
[4.242640687119286 0 -2.8284271247461907 1.4142135623730954]
[4.242640687119286 0 -2.8284271247461907 -1.4142135623730954]
[-4.242640687119286 0 2.8284271247461907 1.4142135623730954]
[-4.242640687119286 0 2.8284271247461907 -1.4142135623730954]
[-4.242640687119286 0 -2.8284271247461907 1.4142135623730954]
[-4.242640687119286 0 -2.8284271247461907 -1.4142135623730954]
[4.242640687119286 1.4142135623730954 0 2.8284271247461907]
[4.242640687119286 1.4142135623730954 0 -2.8284271247461907]
[4.242640687119286 -1.4142135623730954 0 2.8284271247461907]
[4.242640687119286 -1.4142135623730954 0 -2.8284271247461907]
[-4.242640687119286 1.4142135623730954 0 2.8284271247461907]
[-4.242640687119286 1.4142135623730954 0 -2.8284271247461907]
[-4.242640687119286 -1.4142135623730954 0 2.8284271247461907]
[-4.242640687119286 -1.4142135623730954 0 -2.8284271247461907]
[4.242640687119286 1.4142135623730954 2.8284271247461907 0]
[4.242640687119286 1.4142135623730954 -2.8284271247461907 0]
[4.242640687119286 -1.4142135623730954 2.8284271247461907 0]
[4.242640687119286 -1.4142135623730954 -2.8284271247461907 0]
[-4.242640687119286 1.4142135623730954 2.8284271247461907 0]
[-4.242640687119286 1.4142135623730954 -2.8284271247461907 0]
[-4.242640687119286 -1.4142135623730954 2.8284271247461907 0]
[-4.242640687119286 -1.4142135623730954 -2.8284271247461907 0]
[4.242640687119286 2.8284271247461907 0 1.4142135623730954]
[4.242640687119286 2.8284271247461907 0 -1.4142135623730954]
[4.242640687119286 -2.8284271247461907 0 1.4142135623730954]
[4.242640687119286 -2.8284271247461907 0 -1.4142135623730954]
[-4.242640687119286 2.8284271247461907 0 1.4142135623730954]
[-4.242640687119286 2.8284271247461907 0 -1.4142135623730954]
[-4.242640687119286 -2.8284271247461907 0 1.4142135623730954]
[-4.242640687119286 -2.8284271247461907 0 -1.4142135623730954]
[4.242640687119286 2.8284271247461907 1.4142135623730954 0]
[4.242640687119286 2.8284271247461907 -1.4142135623730954 0]
[4.242640687119286 -2.8284271247461907 1.4142135623730954 0]
[4.242640687119286 -2.8284271247461907 -1.4142135623730954 0]
[-4.242640687119286 2.8284271247461907 1.4142135623730954 0]
[-4.242640687119286 2.8284271247461907 -1.4142135623730954 0]
[-4.242640687119286 -2.8284271247461907 1.4142135623730954 0]
[-4.242640687119286 -2.8284271247461907 -1.4142135623730954 0]
][
98 112 edge
98 146 edge
112 160 edge
146 160 edge
106 121 edge
106 154 edge
121 169 edge
154 169 edge
18 64 edge
2 18 edge
2 50 edge
50 98 edge
64 112 edge
26 73 edge
10 26 edge
10 58 edge
58 106 edge
73 121 edge
18 34 edge
34 80 edge
64 80 edge
26 42 edge
42 89 edge
73 89 edge
2 10 edge
34 42 edge
50 58 edge
89 137 edge
80 128 edge
128 137 edge
146 154 edge
137 185 edge
169 185 edge
128 176 edge
160 176 edge
176 185 edge
98 114 edge
96 114 edge
96 112 edge
114 162 edge
146 162 edge
96 144 edge
144 162 edge
144 160 edge
107 123 edge
123 171 edge
107 155 edge
155 171 edge
106 123 edge
107 121 edge
154 171 edge
155 169 edge
67 83 edge
83 131 edge
67 115 edge
131 179 edge
115 163 edge
163 179 edge
5 13 edge
5 49 edge
13 57 edge
49 57 edge
21 37 edge
29 45 edge
37 45 edge
5 21 edge
13 29 edge
37 83 edge
21 67 edge
45 90 edge
29 74 edge
74 90 edge
131 138 edge
90 138 edge
97 115 edge
49 97 edge
74 122 edge
105 122 edge
57 105 edge
138 186 edge
179 186 edge
122 170 edge
170 186 edge
97 145 edge
145 163 edge
105 153 edge
153 170 edge
145 153 edge
15 59 edge
31 75 edge
15 31 edge
75 123 edge
59 107 edge
7 15 edge
7 51 edge
51 59 edge
31 47 edge
47 91 edge
75 91 edge
23 39 edge
39 47 edge
7 23 edge
39 83 edge
23 67 edge
131 139 edge
91 139 edge
99 115 edge
51 99 edge
139 187 edge
179 187 edge
171 187 edge
99 147 edge
147 163 edge
147 155 edge
18 68 edge
16 68 edge
16 64 edge
22 70 edge
20 70 edge
22 66 edge
20 66 edge
102 118 edge
100 118 edge
102 116 edge
100 116 edge
70 118 edge
54 102 edge
6 54 edge
6 22 edge
52 100 edge
4 52 edge
4 20 edge
68 116 edge
2 54 edge
0 52 edge
0 16 edge
6 50 edge
4 48 edge
0 48 edge
66 114 edge
48 96 edge
27 77 edge
26 77 edge
27 73 edge
11 63 edge
15 63 edge
11 59 edge
31 79 edge
30 79 edge
30 75 edge
63 111 edge
111 125 edge
77 125 edge
11 27 edge
111 127 edge
79 127 edge
110 127 edge
110 125 edge
62 110 edge
14 62 edge
14 30 edge
10 62 edge
14 58 edge
68 84 edge
34 84 edge
32 84 edge
16 32 edge
32 80 edge
77 93 edge
43 93 edge
27 43 edge
42 93 edge
43 89 edge
53 61 edge
1 53 edge
9 61 edge
1 9 edge
5 53 edge
13 61 edge
1 49 edge
9 57 edge
55 63 edge
3 55 edge
3 11 edge
7 55 edge
3 51 edge
70 86 edge
38 86 edge
22 38 edge
36 86 edge
20 36 edge
38 82 edge
36 82 edge
66 82 edge
79 95 edge
47 95 edge
46 95 edge
30 46 edge
46 91 edge
165 181 edge
117 165 edge
133 181 edge
69 85 edge
69 117 edge
85 133 edge
149 157 edge
101 149 edge
109 157 edge
53 101 edge
61 109 edge
149 165 edge
157 172 edge
181 188 edge
172 188 edge
101 117 edge
124 172 edge
109 124 edge
140 188 edge
133 140 edge
76 92 edge
76 124 edge
92 140 edge
17 69 edge
33 85 edge
17 33 edge
25 76 edge
41 92 edge
25 41 edge
1 17 edge
9 25 edge
33 41 edge
111 159 edge
151 159 edge
103 151 edge
55 103 edge
159 173 edge
125 173 edge
151 165 edge
181 189 edge
173 189 edge
103 117 edge
141 189 edge
133 141 edge
93 141 edge
19 69 edge
35 85 edge
19 35 edge
3 19 edge
35 43 edge
167 183 edge
135 183 edge
119 167 edge
71 87 edge
87 135 edge
71 119 edge
183 190 edge
149 167 edge
157 174 edge
174 190 edge
142 190 edge
135 142 edge
101 119 edge
126 174 edge
109 126 edge
78 94 edge
94 142 edge
78 126 edge
37 87 edge
21 71 edge
45 94 edge
29 78 edge
159 175 edge
127 175 edge
183 191 edge
151 167 edge
175 191 edge
143 191 edge
135 143 edge
103 119 edge
95 143 edge
39 87 edge
23 71 edge
150 166 edge
148 166 edge
150 164 edge
148 164 edge
118 166 edge
102 150 edge
100 148 edge
116 164 edge
158 175 edge
158 173 edge
110 158 edge
182 191 edge
182 190 edge
156 174 edge
156 172 edge
180 189 edge
180 188 edge
166 182 edge
150 158 edge
148 156 edge
164 180 edge
134 182 edge
134 143 edge
134 142 edge
108 156 edge
108 126 edge
108 124 edge
132 180 edge
132 141 edge
132 140 edge
86 134 edge
54 62 edge
6 14 edge
38 46 edge
52 60 edge
60 108 edge
44 94 edge
28 78 edge
28 44 edge
12 60 edge
4 12 edge
36 44 edge
12 28 edge
84 132 edge
8 60 edge
0 8 edge
24 76 edge
40 92 edge
24 40 edge
8 24 edge
32 40 edge
44 90 edge
28 74 edge
12 56 edge
8 56 edge
48 56 edge
19 65 edge
17 65 edge
35 81 edge
33 81 edge
65 81 edge
25 72 edge
24 72 edge
41 88 edge
40 88 edge
72 88 edge
130 139 edge
130 138 edge
82 130 edge
99 113 edge
97 113 edge
65 113 edge
104 122 edge
56 104 edge
105 120 edge
104 120 edge
72 120 edge
81 129 edge
129 137 edge
88 136 edge
129 136 edge
128 136 edge
130 178 edge
178 187 edge
178 186 edge
162 178 edge
104 152 edge
152 170 edge
144 152 edge
113 161 edge
147 161 edge
145 161 edge
120 168 edge
153 168 edge
152 168 edge
129 177 edge
161 177 edge
177 185 edge
136 184 edge
168 184 edge
177 184 edge
176 184 edge
][
[24 9 10 14 15 18 8 21 13 25 19 22 26 11 16 20 12 23 17 28 27 0 1 4 5 2 6 29 33 31 30 3 7 34 32 35] [1 1 -1 1] face
[38 37 41 0 36 1 2 39 43 42 3 40] [1 0 0 1] face
[4 48 5 49 44 46 6 45 7 50 51 47] [1 0 -1 0] face
[58 65 59 66 60 62 68 63 70 64 67 69 61 75 78 52 54 71 76 53 73 74 83 77 85 56 81 72 55 79 87 84 86 57 82 80] [1 -1 1 -1] face
[93 101 94 90 88 99 103 96 89 100 102 97 95 107 92 52 54 98 91 53 105 106 111 44 46 56 45 104 55 108 113 112 47 57 110 109] [1 -1 -1 -1] face
[135 138 134 9 10 133 131 137 130 128 136 127 116 115 8 114 120 118 119 117 140 11 129 126 12 139 132 125 38 37 0 36 124 122 123 121] [0 0 0 1] face
[14 15 161 153 146 144 160 162 159 90 88 145 13 142 143 141 149 148 89 147 16 92 158 150 17 91 152 155 4 48 49 44 157 156 151 154] [0 0 -1 0] face
[166 116 115 18 8 114 167 165 19 164 20 163] [0 1 0 1] face
[21 13 142 170 143 141 22 171 172 169 23 168] [0 1 -1 0] face
[176 179 174 58 59 177 180 175 60 178 61 173] [0 0 1 -1] face
[183 185 182 93 94 184 146 144 88 145 95 181] [0 0 -1 -1] face
[190 120 118 188 119 117 192 189 191 187 193 186] [0 -1 0 1] face
[197 149 148 96 89 147 198 196 97 195 98 194] [0 -1 -1 0] face
[176 228 174 229 175 224 222 227 225 230 223 226 173 208 209 202 203 219 220 204 221 214 206 216 207 200 215 218 201 217 205 210 211 199 213 212] [-1 1 1 -1] face
[183 247 182 153 144 246 244 170 141 248 245 169 181 234 150 202 203 168 152 204 243 240 233 151 231 200 236 242 201 241 232 237 235 199 239 238] [-1 1 -1 -1] face
[58 65 177 66 178 62 268 63 270 64 267 269 173 208 209 252 254 264 266 253 265 261 206 263 207 251 262 260 250 259 205 256 257 249 258 255] [-1 -1 1 -1] face
[93 101 184 90 145 99 281 96 147 100 280 195 181 234 150 252 254 194 155 253 279 278 233 154 231 251 272 277 250 276 232 274 271 249 275 273] [-1 -1 -1 -1] face
[124 122 288 123 121 287 289 286 285 283 284 282] [-1 0 0 1] face
[157 156 292 151 154 231 236 272 291 290 235 271] [-1 0 -1 0] face
[301 285 283 205 210 256 300 284 282 232 237 274 296 295 211 257 291 290 235 271 302 199 299 249 213 239 258 275 298 297 212 238 294 293 255 273] [-1 0 0 0] face
[305 304 303 260 277 250 259 276 294 293 255 273] [-1 -1 0 0] face
[214 261 206 240 278 233 200 251 210 256 237 274] [-1 0 0 -1] face
[308 307 306 216 263 207 215 262 296 295 211 257] [-1 0 1 0] face
[311 310 309 218 242 201 217 241 298 297 212 238] [-1 1 0 0] face
[314 128 127 160 159 188 117 197 148 315 187 196 313 126 158 186 125 194 155 312 279 121 287 156 292 286 272 304 303 276 300 282 290 299 275 293] [-1 -1 -1 1] face
[322 131 130 324 321 190 118 320 319 323 189 318 316 129 317 186 125 264 266 312 265 122 288 307 306 286 262 305 303 259 301 283 295 299 258 294] [-1 -1 1 1] face
[24 9 133 14 161 18 114 21 142 25 164 171 313 126 158 163 132 168 152 325 243 123 287 157 292 289 236 310 309 241 300 284 291 302 239 297] [-1 1 -1 1] face
[327 135 134 331 326 166 115 330 328 332 165 329 316 129 317 163 132 219 220 325 221 124 288 308 306 289 215 311 309 217 301 285 296 302 213 298] [-1 1 1 1] face
[62 68 268 99 103 281 67 267 102 280 52 252] [0 -1 0 -1] face
[320 334 319 63 70 270 333 318 69 269 71 264] [0 -1 1 0] face
[24 10 133 314 136 127 15 161 162 159 26 313] [0 0 -1 1] face
[327 138 134 322 137 130 336 326 335 321 337 316] [0 0 1 1] face
[224 339 222 246 338 244 341 223 340 245 342 202] [0 1 0 -1] face
[330 344 328 227 343 225 346 329 345 226 347 219] [0 1 1 0] face
[323 192 189 64 67 267 315 191 187 100 102 280 333 318 69 269 198 196 97 195 350 53 312 253 73 105 265 279 349 348 72 104 305 304 260 277] [0 -1 0 0] face
[228 179 174 247 185 182 65 59 177 101 94 184 339 222 338 244 68 268 103 281 75 107 208 234 353 54 203 254 352 74 351 106 214 261 240 278] [0 0 0 -1] face
[331 336 326 229 180 175 324 335 321 66 60 178 344 328 343 225 334 319 70 270 355 78 317 209 358 76 220 266 357 354 356 77 308 307 216 263] [0 0 1 0] face
[332 167 165 230 341 223 25 19 164 248 340 245 346 329 345 226 22 171 172 169 28 359 325 204 361 27 221 243 363 29 362 360 311 310 218 242] [0 1 0 0] face
[349 348 364 72 104 55 79 108 366 365 80 109] [1 -1 0 0] face
[314 128 136 160 162 188 119 197 149 315 191 198 26 11 16 193 139 98 91 350 105 36 1 48 5 39 45 348 364 108 30 40 50 367 110 365] [1 -1 -1 1] face
[322 131 137 324 335 190 120 320 334 323 192 333 337 140 355 193 139 71 76 350 73 37 41 354 368 39 81 349 364 79 370 42 369 367 82 366] [1 -1 1 1] face
[352 74 83 351 106 111 371 56 373 84 372 112] [1 0 0 -1] face
[357 354 368 356 77 85 374 81 376 369 375 86] [1 0 1 0] face
[183 247 185 153 146 246 338 170 143 248 340 172 95 107 92 342 353 23 17 359 27 351 111 49 46 371 6 360 377 31 113 372 51 378 32 379] [1 1 -1 -1] face
[176 228 179 229 180 224 339 227 343 230 341 345 61 75 78 342 353 347 358 359 361 352 83 356 85 371 374 362 377 380 87 373 375 378 381 382] [1 1 1 -1] face
[327 135 138 331 336 166 116 330 344 332 167 346 337 140 355 20 12 347 358 28 361 38 41 357 368 2 374 363 33 380 370 43 376 34 381 383] [1 1 1 1] face
[363 29 33 362 360 377 380 31 383 35 382 379] [1 1 0 0] face
[370 43 42 87 373 84 30 3 40 113 372 112 376 369 375 86 7 50 51 47 34 378 367 57 381 32 82 110 383 35 382 379 366 365 80 109] [1 0 0 0] face
]
shape [0.5 0.5 0.5 0.5] translate [0.5 0.5 0.5 0.5] aligncenter "truncated-24cell" def

