[
[0 1.4142135623730954 1.4142135623730954]
[0 1.4142135623730954 -1.4142135623730954]
[0 -1.4142135623730954 1.4142135623730954]
[0 -1.4142135623730954 -1.4142135623730954]
[1.4142135623730954 0 1.4142135623730954]
[1.4142135623730954 0 -1.4142135623730954]
[-1.4142135623730954 0 1.4142135623730954]
[-1.4142135623730954 0 -1.4142135623730954]
[1.4142135623730954 1.4142135623730954 0]
[1.4142135623730954 -1.4142135623730954 0]
[-1.4142135623730954 1.4142135623730954 0]
[-1.4142135623730954 -1.4142135623730954 0]
][
0 4 edge
0 6 edge
0 8 edge
0 10 edge
1 5 edge
1 7 edge
1 8 edge
1 10 edge
2 4 edge
2 6 edge
2 9 edge
2 11 edge
3 5 edge
3 7 edge
3 9 edge
3 11 edge
4 8 edge
4 9 edge
5 8 edge
5 9 edge
6 10 edge
6 11 edge
7 10 edge
7 11 edge
][
[0 1 8 9] [0 0 1] face
[0 2 16] [1 1 1] face
[1 3 20] [-1 1 1] face
[2 3 6 7] [0 1 0] face
[4 5 12 13] [0 0 -1] face
[4 6 18] [1 1 -1] face
[5 7 22] [-1 1 -1] face
[8 10 17] [1 -1 1] face
[9 11 21] [-1 -1 1] face
[10 11 14 15] [0 -1 0] face
[12 14 19] [1 -1 -1] face
[13 15 23] [-1 -1 -1] face
[16 17 18 19] [1 0 0] face
[20 21 22 23] [-1 0 0] face
]
shape [0.5 0.5 0.5] translate [0.5 0.5 0.5] aligncenter "cuboctahedron" def

