[
[1 0.5436890126920765 1.8392867552141607]
[1 -0.5436890126920765 -1.8392867552141607]
[-1 0.5436890126920765 -1.8392867552141607]
[-1 -0.5436890126920765 1.8392867552141607]
[1.8392867552141607 1 0.5436890126920765]
[1.8392867552141607 -1 -0.5436890126920765]
[-1.8392867552141607 1 -0.5436890126920765]
[-1.8392867552141607 -1 0.5436890126920765]
[0.5436890126920765 1.8392867552141607 1]
[0.5436890126920765 -1.8392867552141607 -1]
[-0.5436890126920765 1.8392867552141607 -1]
[-0.5436890126920765 -1.8392867552141607 1]
[1 1.8392867552141607 -0.5436890126920765]
[1 -1.8392867552141607 0.5436890126920765]
[-1 1.8392867552141607 0.5436890126920765]
[-1 -1.8392867552141607 -0.5436890126920765]
[1.8392867552141607 -0.5436890126920765 1]
[1.8392867552141607 0.5436890126920765 -1]
[-1.8392867552141607 -0.5436890126920765 -1]
[-1.8392867552141607 0.5436890126920765 1]
[-0.5436890126920765 1 1.8392867552141607]
[-0.5436890126920765 -1 -1.8392867552141607]
[0.5436890126920765 1 -1.8392867552141607]
[0.5436890126920765 -1 1.8392867552141607]
][
1 17 edge
1 5 edge
5 17 edge
17 22 edge
12 22 edge
12 17 edge
1 22 edge
5 9 edge
1 9 edge
9 13 edge
5 13 edge
0 20 edge
3 20 edge
3 23 edge
0 23 edge
8 20 edge
0 8 edge
11 13 edge
9 15 edge
11 15 edge
11 23 edge
13 23 edge
2 10 edge
2 22 edge
10 22 edge
15 21 edge
9 21 edge
19 20 edge
14 19 edge
14 20 edge
3 19 edge
7 11 edge
3 7 edge
3 11 edge
7 15 edge
6 18 edge
2 18 edge
2 6 edge
7 18 edge
7 19 edge
6 19 edge
15 18 edge
6 14 edge
18 21 edge
2 21 edge
6 10 edge
10 14 edge
8 14 edge
1 21 edge
10 12 edge
8 12 edge
16 23 edge
13 16 edge
0 16 edge
5 16 edge
4 8 edge
0 4 edge
4 12 edge
4 16 edge
4 17 edge
][
[1 0 2] [4.67857351042832 -1 -3.3829757679062347] face
[5 4 3] [1 1 -1] face
[0 6 3] [3.3829757679062387 1 -4.678573510428321] face
[1 8 7] [1 -1 -1] face
[7 10 9] [3.382975767906242 -4.678573510428329 -1] face
[11 14 12 13] [0 0 1] face
[16 11 15] [1 3.3829757679062418 4.678573510428327] face
[9 18 17 19] [0 -1 0] face
[17 20 21] [1 -4.678573510428321 3.3829757679062364] face
[22 23 24] [-1 3.3829757679062338 -4.678573510428316] face
[18 26 25] [-1 -4.67857351042832 -3.3829757679062364] face
[28 29 27] [-1 1 1] face
[30 12 27] [-3.38297576790623 1 4.678573510428314] face
[32 33 31] [-1 -1 1] face
[31 34 19] [-3.3829757679062347 -4.67857351042832 1] face
[37 36 35] [-4.67857351042832 1 -3.3829757679062364] face
[35 40 38 39] [-1 0 0] face
[34 38 41] [-4.678573510428321 -3.3829757679062378 -1] face
[32 30 39] [-4.678573510428327 -1 3.3829757679062404] face
[42 40 28] [-4.678573510428315 3.3829757679062324 1] face
[41 25 43] [-1 -1 -1] face
[36 44 43] [-3.3829757679062404 -1 -4.678573510428326] face
[37 22 45] [-1 1 -1] face
[45 42 46] [-3.382975767906243 4.678573510428332 -1] face
[33 13 20] [-1 -3.382975767906247 4.678573510428332] face
[47 15 29] [-1 4.678573510428316 3.3829757679062347] face
[8 48 26] [1 -3.382975767906239 -4.678573510428325] face
[48 6 44 23] [0 0 -1] face
[49 24 4] [1 4.678573510428325 -3.3829757679062378] face
[50 47 49 46] [0 1 0] face
[52 21 51] [1 -1 1] face
[53 14 51] [3.382975767906245 -1 4.678573510428332] face
[10 54 52] [4.678573510428326 -3.3829757679062404 1] face
[56 16 55] [1 1 1] face
[55 57 50] [3.3829757679062338 4.678573510428315 1] face
[56 53 58] [4.678573510428321 1 3.3829757679062378] face
[57 59 5] [4.678573510428324 3.3829757679062378 -1] face
[58 59 54 2] [1 0 0] face
]
shape [0.5 0.5 0.5] translate [0.5 0.5 0.5] aligncenter "snub-cube" def

