[
[1 2.414213562373095 2.414213562373095]
[1 2.414213562373095 -2.414213562373095]
[1 -2.414213562373095 2.414213562373095]
[1 -2.414213562373095 -2.414213562373095]
[-1 2.414213562373095 2.414213562373095]
[-1 2.414213562373095 -2.414213562373095]
[-1 -2.414213562373095 2.414213562373095]
[-1 -2.414213562373095 -2.414213562373095]
[2.414213562373095 1 2.414213562373095]
[2.414213562373095 1 -2.414213562373095]
[2.414213562373095 -1 2.414213562373095]
[2.414213562373095 -1 -2.414213562373095]
[-2.414213562373095 1 2.414213562373095]
[-2.414213562373095 1 -2.414213562373095]
[-2.414213562373095 -1 2.414213562373095]
[-2.414213562373095 -1 -2.414213562373095]
[2.414213562373095 2.414213562373095 1]
[2.414213562373095 2.414213562373095 -1]
[2.414213562373095 -2.414213562373095 1]
[2.414213562373095 -2.414213562373095 -1]
[-2.414213562373095 2.414213562373095 1]
[-2.414213562373095 2.414213562373095 -1]
[-2.414213562373095 -2.414213562373095 1]
[-2.414213562373095 -2.414213562373095 -1]
][
1 9 edge
1 17 edge
9 17 edge
3 11 edge
5 13 edge
13 15 edge
7 15 edge
3 7 edge
1 5 edge
9 11 edge
3 19 edge
11 19 edge
13 21 edge
5 21 edge
15 23 edge
14 22 edge
12 20 edge
22 23 edge
12 14 edge
20 21 edge
7 23 edge
6 22 edge
6 14 edge
4 12 edge
4 20 edge
2 18 edge
2 6 edge
18 19 edge
2 10 edge
10 18 edge
0 8 edge
0 4 edge
8 10 edge
0 16 edge
8 16 edge
16 17 edge
][
[0 1 2] [1 1 -1] face
[8 0 7 3 4 6 9 5] [0 0 -1] face
[3 10 11] [1 -1 -1] face
[4 13 12] [-1 1 -1] face
[18 16 5 12 15 14 19 17] [-1 0 0] face
[6 20 14] [-1 -1 -1] face
[22 21 15] [-1 -1 1] face
[23 24 16] [-1 1 1] face
[26 25 7 10 21 20 27 17] [0 -1 0] face
[28 25 29] [1 -1 1] face
[31 30 26 28 23 22 32 18] [0 0 1] face
[30 33 34] [1 1 1] face
[31 33 8 1 24 13 35 19] [0 1 0] face
[32 34 9 2 29 11 35 27] [1 0 0] face
]
shape [0.5 0.5 0.5] translate [0.5 0.5 0.5] aligncenter "truncated-cube" def

