
[0.5 2.5 0.5 0.5] [X+ W+ Z+ Y-] viewinfo

[
[1 1 0]
[0 1 0]
[0 0 0]
[0.5 0.133974596216 0]
[0.866025403784 0.5 0]
[0.964101615138 0.866025403784 0.5]
[0.133974596216 0.866025403784 0.5]
[0.866025403784 0.5 0.866025403784]
[0.5 0.5 0.866025403784]
[0.133974596216 0.035898384862 0.5]
[0.5 0.133974596216 0.866025403784]
][
0 1 edge
1 2 edge
2 3 edge
3 4 edge
4 0 edge
5 6 edge
6 9 edge
7 8 edge
8 10 edge
0 5 edge
5 7 edge
1 6 edge
6 8 edge
2 9 edge
9 10 edge
4 7 edge
3 10 edge
10 7 edge
][
[0 1 2 3 4] [0 0 -1] face
[0 5 9 11] [0 0.965925826289 0.258819045103] face
[5 7 10 12] [0 0.707106781187 0.707106781187] face
[1 6 11 13] [-0.965925826289 0 0.258819045103] face
[6 8 12 14] [-0.707106781187 0 0.707106781187] face
[2 13 14 16] [0.258819045103 -0.965925826289 0] face
[3 15 16 17] [0.707106781187 -0.707106781187 0] face
[4 9 10 15] [0.965925826289 -0.258819045103 0] face
[7 8 17] [0 0 1] face
]
shape
y [0.45 0.55] prism
[0.5 0.5 0.5 0.5] aligncenter
#00A000 shapecolor

